%YAML:1.0
---
K: !!opencv-matrix
   rows: 3
   cols: 3
   dt: d
   data: [ 7.2645796202290933e+02, 0., 6.1443463933614453e+02, 0.,
       7.2634041183971556e+02, 3.3906640276034045e+02, 0., 0., 1. ]
distCoeffs: !!opencv-matrix
   rows: 1
   cols: 5
   dt: d
   data: [ -3.4804745724085834e-01, 1.5519245589927919e-01,
       2.7418631117882641e-04, 1.0528249870036587e-03,
       -4.0115921751491264e-02 ]
image_width: 1280
image_height: 720
board_size_cols: 11
board_size_rows: 8
square_size: 2.5000000000000001e-02
calibration_date: "2025-12-21 02:21:30"
