%YAML:1.0
---
K: !!opencv-matrix
   rows: 3
   cols: 3
   dt: d
   data: [ 724.28314711778148, 0., 616.81935786000713, 0.,
       724.12467167467628, 338.44478031072578, 0., 0., 1. ]
distCoeffs: !!opencv-matrix
   rows: 1
   cols: 5
   dt: d
   data: [ -0.34647052995746014, 0.15451751416314521,
       0.00035140003668152292, 0.00053123598841877632,
       -0.03989153096791153 ]
