======================================================================
相机标定报告
生成时间: 2025-12-25 19:07:06
======================================================================

棋盘格参数:
  内角点: 11 × 8
  方格大小: 20.7 mm

内参矩阵 K:
  [[724.923418, 0.000000, 588.463761],
   [0.000000, 712.710844, 260.101416],
   [0.000000, 0.000000, 1.000000]]

畸变系数:
  k1=-0.32819965
  k2=0.13181502
  p1=0.01039190
  p2=-0.00208317
  k3=-0.02965155

重投影误差:
  calib_00_20251225_190348.jpg: 0.0983 px
  calib_01_20251225_190409.jpg: 0.1032 px
  calib_02_20251225_190421.jpg: 0.1262 px
  calib_03_20251225_190441.jpg: 0.0811 px
  calib_04_20251225_190450.jpg: 0.1521 px
  calib_05_20251225_190455.jpg: 0.1127 px
  calib_06_20251225_190507.jpg: 0.2929 px
  calib_07_20251225_190516.jpg: 0.4669 px
  calib_08_20251225_190521.jpg: 0.1429 px
  calib_09_20251225_190523.jpg: 0.1437 px
  calib_10_20251225_190527.jpg: 0.1645 px
  calib_11_20251225_190535.jpg: 0.0961 px
  calib_12_20251225_190539.jpg: 0.0875 px
  calib_13_20251225_190543.jpg: 0.1008 px
  calib_14_20251225_190547.jpg: 0.1389 px
  calib_15_20251225_190551.jpg: 0.1088 px
  calib_16_20251225_190553.jpg: 0.1176 px
  calib_17_20251225_190602.jpg: 0.0869 px
  calib_18_20251225_190607.jpg: 0.0681 px
  calib_19_20251225_190612.jpg: 0.0922 px
  calib_20_20251225_190617.jpg: 0.1303 px
  calib_21_20251225_190618.jpg: 0.1234 px
  calib_22_20251225_190624.jpg: 0.1269 px
  calib_23_20251225_190627.jpg: 0.1192 px
  calib_24_20251225_190629.jpg: 0.1460 px
  calib_25_20251225_190637.jpg: 0.1051 px
  calib_26_20251225_190639.jpg: 0.0846 px
  calib_27_20251225_190654.jpg: 0.1067 px
  calib_28_20251225_190656.jpg: 0.1101 px
  calib_29_20251225_190705.jpg: 0.1262 px

  平均: 0.1320 px
  标准差: 0.0735 px
