%YAML:1.0
---
K: !!opencv-matrix
   rows: 3
   cols: 3
   dt: d
   data: [ 744.25205381873609, 0., 600.39275419020066, 0.,
       730.47619171429563, 398.90243814355165, 0., 0., 1. ]
distCoeffs: !!opencv-matrix
   rows: 1
   cols: 5
   dt: d
   data: [ -0.41741852932523305, 0.3024987117101402,
       -0.010601540888141595, 0.0053673067924262441,
       -0.17053886331004706 ]
image_width: 1280
image_height: 720
board_size_cols: 11
board_size_rows: 8
square_size: 0.020730000000000002
calibration_date: "2025-12-22 12:22:39"
mean_reprojection_error: 0.10442794649698764
