%YAML:1.0
---
K: !!opencv-matrix
   rows: 3
   cols: 3
   dt: d
   data: [ 664.44701043633358, 0., 658.89194099662006, 0.,
       654.89004383335532, 406.58738454940868, 0., 0., 1. ]
distCoeffs: !!opencv-matrix
   rows: 1
   cols: 5
   dt: d
   data: [ -0.22848866657422115, -0.24286465556211895,
       -0.0041375613727195667, -0.0214093589304933, 0.67109732798343458 ]
