%YAML:1.0
---
K: !!opencv-matrix
   rows: 3
   cols: 3
   dt: d
   data: [695.02752293917513, 0., 610.15212806065222,
          0., 699.07433251006159, 335.69407450761986,
          0., 0., 1.]
distCoeffs: !!opencv-matrix
   rows: 1
   cols: 5
   dt: d
   data: [-0.35785778869717522, 0.15557389192028667,
          0.00039959131966935238, 0.007013909478818442,
          -0.039485138122941008]
