%YAML:1.0
---
K: !!opencv-matrix
   rows: 3
   cols: 3
   dt: d
   data: [ 751.8359405866795, 0., 636.05912281400606, 0.,
       750.49519608190599, 372.10363021379487, 0., 0., 1. ]
distCoeffs: !!opencv-matrix
   rows: 1
   cols: 5
   dt: d
   data: [ -0.3619984654541073, 0.16844259424210023,
       -0.0054364221180021747, -0.00075386429273513185,
       -0.045384711890058028 ]
image_width: 1280
image_height: 720
board_size_cols: 11
board_size_rows: 8
square_size: 0.020730000000000002
calibration_date: "2025-12-24 20:51:23"
mean_reprojection_error: 0.095501646809314958
