%YAML:1.0
---
num_images: 10
board_size_cols: 11
board_size_rows: 8
square_size: 0.020730000000000002
T_target_cam_0: !!opencv-matrix
   rows: 4
   cols: 4
   dt: d
   data: [ 0.34845511926578004, -0.89412763703259324,
       0.28127352977481235, 0.11720014380003288, 0.92013286581511089,
       0.2690884078524805, -0.28451175372256288, -0.11316473535037731,
       0.17870237576580281, 0.35794859610554186, 0.91648145831856831,
       0.56982905185658261, 0., 0., 0., 1. ]
rvec_0: !!opencv-matrix
   rows: 3
   cols: 1
   dt: d
   data: [ 0.43350042069792238, 0.069209934008026913, 1.2241731204899002 ]
tvec_0: !!opencv-matrix
   rows: 3
   cols: 1
   dt: d
   data: [ 0.11720014380003288, -0.11316473535037731,
       0.56982905185658261 ]
image_0: "img_00.jpg"
T_target_cam_1: !!opencv-matrix
   rows: 4
   cols: 4
   dt: d
   data: [ -0.22363938949264259, -0.87706302248253143,
       0.4251421856992843, 0.15350957431103668, 0.81722679770877538,
       -0.40644001914266997, -0.40859132632248368, -0.18201348377406454,
       0.53115514171851752, 0.25606047221918621, 0.80765540299862359,
       0.5342114195603086, 0., 0., 0., 1. ]
rvec_1: !!opencv-matrix
   rows: 3
   cols: 1
   dt: d
   data: [ 0.72717670748062002, -0.11598577251652573, 1.853674503955177 ]
tvec_1: !!opencv-matrix
   rows: 3
   cols: 1
   dt: d
   data: [ 0.15350957431103668, -0.18201348377406454, 0.5342114195603086 ]
image_1: "img_01.jpg"
T_target_cam_2: !!opencv-matrix
   rows: 4
   cols: 4
   dt: d
   data: [ 0.23299935608862005, -0.92560202983720363,
       0.29828205179584122, 0.12351976949204604, 0.93557156967680677,
       0.12965577958347568, -0.32847407330423684, -0.13584846776182741,
       0.26536227703794757, 0.35559845497674714, 0.89617665710694905,
       0.54713940240132619, 0., 0., 0., 1. ]
rvec_2: !!opencv-matrix
   rows: 3
   cols: 1
   dt: d
   data: [ 0.49705994954761884, 0.023920126746496746, 1.3523637000867861 ]
tvec_2: !!opencv-matrix
   rows: 3
   cols: 1
   dt: d
   data: [ 0.12351976949204604, -0.13584846776182741,
       0.54713940240132619 ]
image_2: "img_02.jpg"
T_target_cam_3: !!opencv-matrix
   rows: 4
   cols: 4
   dt: d
   data: [ 0.31454690932279883, -0.78627006680635514,
       0.53182668594176907, 0.1219767060250691, 0.93106640451090095,
       0.14644231739342461, -0.33417061221416089, -0.12482611179067012,
       0.1848664172493712, 0.60027829356122286, 0.77813262240610892,
       0.36459609315127084, 0., 0., 0., 1. ]
rvec_3: !!opencv-matrix
   rows: 3
   cols: 1
   dt: d
   data: [ 0.68281664987353508, 0.25352937634528255, 1.2548850223945305 ]
tvec_3: !!opencv-matrix
   rows: 3
   cols: 1
   dt: d
   data: [ 0.1219767060250691, -0.12482611179067012, 0.36459609315127084 ]
image_3: "img_03.jpg"
T_target_cam_4: !!opencv-matrix
   rows: 4
   cols: 4
   dt: d
   data: [ 0.88510981130400523, -0.46199931270480032,
       0.056011222033448584, -0.0035407545728534432, 0.46147322258462198,
       0.8557287068807109, -0.23403171805896375, -0.16566569964911815,
       0.060192082292873546, 0.23299144894299986, 0.97061418594037119,
       0.60300961581857526, 0., 0., 0., 1. ]
rvec_4: !!opencv-matrix
   rows: 3
   cols: 1
   dt: d
   data: [ 0.24543232948264643, -0.0021971464056038514,
       0.48530786385673103 ]
tvec_4: !!opencv-matrix
   rows: 3
   cols: 1
   dt: d
   data: [ -0.0035407545728534432, -0.16566569964911815,
       0.60300961581857526 ]
image_4: "img_04.jpg"
T_target_cam_5: !!opencv-matrix
   rows: 4
   cols: 4
   dt: d
   data: [ 0.8965820666338753, -0.40504682706834183, 0.17910238879590079,
       0.075669381639577427, 0.44267792733021982, 0.83176917283674734,
       -0.33495715513046415, -0.23299117753167914, -0.013298512892419082,
       0.37960125263273564, 0.92505461382261545, 0.54963311745679932, 0.,
       0., 0., 1. ]
rvec_5: !!opencv-matrix
   rows: 3
   cols: 1
   dt: d
   data: [ 0.37946345732096143, 0.10217374892398583, 0.45018092666155296 ]
tvec_5: !!opencv-matrix
   rows: 3
   cols: 1
   dt: d
   data: [ 0.075669381639577427, -0.23299117753167914,
       0.54963311745679932 ]
image_5: "img_05.jpg"
T_target_cam_6: !!opencv-matrix
   rows: 4
   cols: 4
   dt: d
   data: [ 0.8436733834478255, -0.41077983017282216, 0.3456517802426104,
       0.056742642123457789, 0.50350893069292502, 0.82882603425878199,
       -0.24397983860829095, -0.082091280733850774, -0.18626319758386439,
       0.37987805419377385, 0.90608977765328891, 0.37559209060514276, 0.,
       0., 0., 1. ]
rvec_6: !!opencv-matrix
   rows: 3
   cols: 1
   dt: d
   data: [ 0.33586781620283929, 0.28636829648133044, 0.49222775416293019 ]
tvec_6: !!opencv-matrix
   rows: 3
   cols: 1
   dt: d
   data: [ 0.056742642123457789, -0.082091280733850774,
       0.37559209060514276 ]
image_6: "img_06.jpg"
T_target_cam_7: !!opencv-matrix
   rows: 4
   cols: 4
   dt: d
   data: [ 0.82919209420395756, -0.46167675513141476,
       0.31511116241888815, 0.040708307611442271, 0.52625941340008497,
       0.83480330311760653, -0.16172345195342616, -0.098197589712396255,
       -0.18839188071000734, 0.29993002329753748, 0.93517403749638228,
       0.3244337756671582, 0., 0., 0., 1. ]
rvec_7: !!opencv-matrix
   rows: 3
   cols: 1
   dt: d
   data: [ 0.24759992001817663, 0.27004521765995915, 0.52986261216486441 ]
tvec_7: !!opencv-matrix
   rows: 3
   cols: 1
   dt: d
   data: [ 0.040708307611442271, -0.098197589712396255,
       0.3244337756671582 ]
image_7: "img_07.jpg"
T_target_cam_8: !!opencv-matrix
   rows: 4
   cols: 4
   dt: d
   data: [ 0.88359969132336935, -0.23924495221335085,
       0.40250892950800221, 0.14484897471494973, 0.43014098882376928,
       0.75438609725627348, -0.49586323316027203, -0.1331312599499743,
       -0.18501436492055534, 0.61128018870799317, 0.76948438299043065,
       0.55444094121498377, 0., 0., 0., 1. ]
rvec_8: !!opencv-matrix
   rows: 3
   cols: 1
   dt: d
   data: [ 0.61566593769110578, 0.32671293784985783, 0.37223553419161093 ]
tvec_8: !!opencv-matrix
   rows: 3
   cols: 1
   dt: d
   data: [ 0.14484897471494973, -0.1331312599499743, 0.55444094121498377 ]
image_8: "img_08.jpg"
T_target_cam_9: !!opencv-matrix
   rows: 4
   cols: 4
   dt: d
   data: [ 0.60006829597475819, -0.62520305765522965,
       0.49903825190510326, 0.060096532061806818, 0.79727287255971024,
       0.4164336981216441, -0.43696560705519971, -0.1619620406406504,
       0.065375888876081645, 0.66007886783874747, 0.74834609732822099,
       0.40067065789592549, 0., 0., 0., 1. ]
rvec_9: !!opencv-matrix
   rows: 3
   cols: 1
   dt: d
   data: [ 0.69954077054606301, 0.27652890154656212, 0.90705521159657865 ]
tvec_9: !!opencv-matrix
   rows: 3
   cols: 1
   dt: d
   data: [ 0.060096532061806818, -0.1619620406406504,
       0.40067065789592549 ]
image_9: "img_09.jpg"
