%YAML:1.0
---
num_images: 30
board_size_cols: 11
board_size_rows: 8
square_size: 0.020730000000000002
T_target_cam_0: !!opencv-matrix
   rows: 4
   cols: 4
   dt: d
   data: [ 0.4158074283987907, 0.87886626762227826, 0.23387660448208686,
       -0.047652940289925241, -0.84776306350668706, 0.28146779904928443,
       0.44952604624438441, 0.17651361572773841, 0.3292445453491088,
       -0.38518821598542907, 0.8621067611519011, 0.69826013235919571, 0.,
       0., 0., 1. ]
rvec_0: !!opencv-matrix
   rows: 3
   cols: 1
   dt: d
   data: [ -0.55960779258764559, -0.063936421464342766,
       -1.1575640579436266 ]
tvec_0: !!opencv-matrix
   rows: 3
   cols: 1
   dt: d
   data: [ -0.047652940289925241, 0.17651361572773841,
       0.69826013235919571 ]
image_0: "calib_00_20251225_190348.jpg"
T_target_cam_1: !!opencv-matrix
   rows: 4
   cols: 4
   dt: d
   data: [ 0.9186168362970627, -0.26893732278738502, 0.28950962761802845,
       0.31945537546799879, 0.13929040065400533, 0.90601626603901775,
       0.39966574779228026, 0.15135115323705392, -0.36978546801790668,
       -0.32681377278913726, 0.86974218338431075, 0.5921480842081206, 0.,
       0., 0., 1. ]
rvec_1: !!opencv-matrix
   rows: 3
   cols: 1
   dt: d
   data: [ -0.38295270745217247, 0.34753745251023177,
       0.21519107906001433 ]
tvec_1: !!opencv-matrix
   rows: 3
   cols: 1
   dt: d
   data: [ 0.31945537546799879, 0.15135115323705392, 0.5921480842081206 ]
image_1: "calib_01_20251225_190409.jpg"
T_target_cam_2: !!opencv-matrix
   rows: 4
   cols: 4
   dt: d
   data: [ 0.94349119885458177, 0.05668780454308639, 0.32651317048478901,
       0.23835675178986829, -0.10779377416877151, 0.98417930414287735,
       0.14061151996651511, -0.14600826685520082, -0.31337654656083624,
       -0.16786181850833926, 0.93467510395467224, 0.5416902322874374, 0.,
       0., 0., 1. ]
rvec_2: !!opencv-matrix
   rows: 3
   cols: 1
   dt: d
   data: [ -0.15787561242965065, 0.32749339526550036,
       -0.084181116270595116 ]
tvec_2: !!opencv-matrix
   rows: 3
   cols: 1
   dt: d
   data: [ 0.23835675178986829, -0.14600826685520082, 0.5416902322874374 ]
image_2: "calib_02_20251225_190421.jpg"
T_target_cam_3: !!opencv-matrix
   rows: 4
   cols: 4
   dt: d
   data: [ 0.39674464845783841, 0.76384939857588618, 0.50904595098608074,
       0.30928216711681966, -0.86087210024742078, 0.11716014273211388,
       0.4951491976875107, 0.2598102886456421, 0.31857952058420375,
       -0.63467125131854496, 0.70405929566627501, 0.78065364271515136,
       0., 0., 0., 1. ]
rvec_3: !!opencv-matrix
   rows: 3
   cols: 1
   dt: d
   data: [ -0.83061870894967516, 0.14002665703018466,
       -1.1944588849870987 ]
tvec_3: !!opencv-matrix
   rows: 3
   cols: 1
   dt: d
   data: [ 0.30928216711681966, 0.2598102886456421, 0.78065364271515136 ]
image_3: "calib_03_20251225_190441.jpg"
T_target_cam_4: !!opencv-matrix
   rows: 4
   cols: 4
   dt: d
   data: [ -0.73765583961336045, 0.26583105988016353,
       0.62064298101831228, 0.1063417934427125, -0.4397661175621258,
       -0.88667052282322589, -0.1429025745069756, -0.026283420996066866,
       0.51231789362527902, -0.37835067273546119, 0.77096118210450859,
       0.69320123982366988, 0., 0., 0., 1. ]
rvec_4: !!opencv-matrix
   rows: 3
   cols: 1
   dt: d
   data: [ -0.86333741360385963, 0.39720474058600286,
       -2.5872727229593298 ]
tvec_4: !!opencv-matrix
   rows: 3
   cols: 1
   dt: d
   data: [ 0.1063417934427125, -0.026283420996066866,
       0.69320123982366988 ]
image_4: "calib_04_20251225_190450.jpg"
T_target_cam_5: !!opencv-matrix
   rows: 4
   cols: 4
   dt: d
   data: [ -0.56984534231011219, 0.53685121173732298,
       0.62214713878924099, 0.15355200135307068, -0.38965585131813496,
       -0.84309865427621988, 0.3706116251430418, 0.43523634632786251,
       0.72349471551699018, -0.031231964616319857, 0.6896230571879064,
       0.68570498672519675, 0., 0., 0., 1. ]
rvec_5: !!opencv-matrix
   rows: 3
   cols: 1
   dt: d
   data: [ -1.033076519011024, -0.26054864241782183, -2.3819035961569952 ]
tvec_5: !!opencv-matrix
   rows: 3
   cols: 1
   dt: d
   data: [ 0.15355200135307068, 0.43523634632786251, 0.68570498672519675 ]
image_5: "calib_05_20251225_190455.jpg"
T_target_cam_6: !!opencv-matrix
   rows: 4
   cols: 4
   dt: d
   data: [ -0.8706870599536114, 0.3454486939757212, 0.35009890525365106,
       -0.21600428447479927, -0.24354467839835978, -0.92124138189590621,
       0.30331552203334505, 0.44551106796847123, 0.42730555022510053,
       0.17882817482988977, 0.88624514138799926, 0.64534108772089982, 0.,
       0., 0., 1. ]
rvec_6: !!opencv-matrix
   rows: 3
   cols: 1
   dt: d
   data: [ -0.58112454562366067, -0.36041153969514078,
       -2.7495043760297522 ]
tvec_6: !!opencv-matrix
   rows: 3
   cols: 1
   dt: d
   data: [ -0.21600428447479927, 0.44551106796847123,
       0.64534108772089982 ]
image_6: "calib_06_20251225_190507.jpg"
T_target_cam_7: !!opencv-matrix
   rows: 4
   cols: 4
   dt: d
   data: [ -0.92639693393628264, 0.26633709993009153,
       0.26618277554019754, -0.29298274880909209, -0.23485819171915454,
       -0.96124104901267504, 0.14442048149559955, 0.30618312701055012,
       0.29433034260141033, 0.071275485924968698, 0.9530422102563435,
       0.68438371496832628, 0., 0., 0., 1. ]
rvec_7: !!opencv-matrix
   rows: 3
   cols: 1
   dt: d
   data: [ -0.41600614752126314, -0.16008697305784184,
       -2.8505070074611596 ]
tvec_7: !!opencv-matrix
   rows: 3
   cols: 1
   dt: d
   data: [ -0.29298274880909209, 0.30618312701055012,
       0.68438371496832628 ]
image_7: "calib_07_20251225_190516.jpg"
T_target_cam_8: !!opencv-matrix
   rows: 4
   cols: 4
   dt: d
   data: [ -0.23890268690488414, 0.6841130357189219, 0.68914066818688624,
       0.22833790624429587, -0.70360783710234986, -0.6110610239146046,
       0.36268503776774152, 0.18004858803284501, 0.66922456452059509,
       -0.39823834497933031, 0.62733141387176206, 0.43002295032163823,
       0., 0., 0., 1. ]
rvec_8: !!opencv-matrix
   rows: 3
   cols: 1
   dt: d
   data: [ -1.071367914350233, 0.02804155442024309, -1.9538887237862741 ]
tvec_8: !!opencv-matrix
   rows: 3
   cols: 1
   dt: d
   data: [ 0.22833790624429587, 0.18004858803284501, 0.43002295032163823 ]
image_8: "calib_08_20251225_190521.jpg"
T_target_cam_9: !!opencv-matrix
   rows: 4
   cols: 4
   dt: d
   data: [ -0.34823918639979057, 0.79207349994267395,
       0.50134722472970261, 0.03439396691814247, -0.61327144648264298,
       -0.59699329135697377, 0.51720125966963204, 0.3379121900622058,
       0.70896234172535477, -0.12735219182774379, 0.69365251909869929,
       0.48695827541433895, 0., 0., 0., 1. ]
rvec_9: !!opencv-matrix
   rows: 3
   cols: 1
   dt: d
   data: [ -0.92839018331779888, -0.29904088804328499,
       -2.0242052065744836 ]
tvec_9: !!opencv-matrix
   rows: 3
   cols: 1
   dt: d
   data: [ 0.03439396691814247, 0.3379121900622058, 0.48695827541433895 ]
image_9: "calib_09_20251225_190523.jpg"
T_target_cam_10: !!opencv-matrix
   rows: 4
   cols: 4
   dt: d
   data: [ -0.47128235644326755, 0.75603246862270579,
       0.45421123598336721, -0.047875174346921595, -0.69911297250116422,
       -0.63419013469339591, 0.33021799578181471, 0.14070325339011747,
       0.53771181146211311, -0.16191905213973307, 0.82743472755758984,
       0.56645593265097727, 0., 0., 0., 1. ]
rvec_10: !!opencv-matrix
   rows: 3
   cols: 1
   dt: d
   data: [ -0.72427216384013982, -0.12288679086303814,
       -2.1415200131669567 ]
tvec_10: !!opencv-matrix
   rows: 3
   cols: 1
   dt: d
   data: [ -0.047875174346921595, 0.14070325339011747,
       0.56645593265097727 ]
image_10: "calib_10_20251225_190527.jpg"
T_target_cam_11: !!opencv-matrix
   rows: 4
   cols: 4
   dt: d
   data: [ 0.78382390032305449, 0.56637645321314356, 0.25463268943333672,
       0.11248186643794679, -0.61617085858766651, 0.65840767006936618,
       0.43224161417101714, 0.068101359633730166, 0.077159356592005027,
       -0.4956985507740852, 0.86506033341656541, 0.89877234381149673, 0.,
       0., 0., 1. ]
rvec_11: !!opencv-matrix
   rows: 3
   cols: 1
   dt: d
   data: [ -0.52626010117070043, 0.10064995311600296,
       -0.67065473772681394 ]
tvec_11: !!opencv-matrix
   rows: 3
   cols: 1
   dt: d
   data: [ 0.11248186643794679, 0.068101359633730166,
       0.89877234381149673 ]
image_11: "calib_11_20251225_190535.jpg"
T_target_cam_12: !!opencv-matrix
   rows: 4
   cols: 4
   dt: d
   data: [ 0.9055108680582391, 0.35399814931326973, 0.23395593198547915,
       0.07432533592040709, -0.42426626621479452, 0.76435695340703091,
       0.4855477145765173, 0.15581991748079338, -0.0069428510405485921,
       -0.53892834223215802, 0.84232300144203986, 0.60279883062934303,
       0., 0., 0., 1. ]
rvec_12: !!opencv-matrix
   rows: 3
   cols: 1
   dt: d
   data: [ -0.55842330136095131, 0.1313095536173694,
       -0.42421780515276236 ]
tvec_12: !!opencv-matrix
   rows: 3
   cols: 1
   dt: d
   data: [ 0.07432533592040709, 0.15581991748079338, 0.60279883062934303 ]
image_12: "calib_12_20251225_190539.jpg"
T_target_cam_13: !!opencv-matrix
   rows: 4
   cols: 4
   dt: d
   data: [ 0.66568675267646693, 0.58941975391825496, 0.45765216158345001,
       0.14627327871405188, -0.72141198159479292, 0.35145945539757056,
       0.59669171606711391, 0.27830176037482501, 0.19085570497769921,
       -0.72736552358672246, 0.65917637622633185, 0.5345075847057007, 0.,
       0., 0., 1. ]
rvec_13: !!opencv-matrix
   rows: 3
   cols: 1
   dt: d
   data: [ -0.86233912011247127, 0.17376063114815027,
       -0.85372554264599176 ]
tvec_13: !!opencv-matrix
   rows: 3
   cols: 1
   dt: d
   data: [ 0.14627327871405188, 0.27830176037482501, 0.5345075847057007 ]
image_13: "calib_13_20251225_190543.jpg"
T_target_cam_14: !!opencv-matrix
   rows: 4
   cols: 4
   dt: d
   data: [ 0.51609765578165512, 0.72994339061262625, 0.44813597958390178,
       0.13594094272193705, -0.85465676020021908, 0.40428063584453955,
       0.32575909768600453, 0.0029929074768862739, 0.056613001516836514,
       -0.55112595110562312, 0.83249934178783414, 0.54748438458523729,
       0., 0., 0., 1. ]
rvec_14: !!opencv-matrix
   rows: 3
   cols: 1
   dt: d
   data: [ -0.56073407065198888, 0.25036380030411914,
       -1.0132905038641888 ]
tvec_14: !!opencv-matrix
   rows: 3
   cols: 1
   dt: d
   data: [ 0.13594094272193705, 0.0029929074768862739,
       0.54748438458523729 ]
image_14: "calib_14_20251225_190547.jpg"
T_target_cam_15: !!opencv-matrix
   rows: 4
   cols: 4
   dt: d
   data: [ 0.59981255582218274, 0.66889983012699905, 0.43908759391963348,
       0.1117664111824776, -0.77662481490639457, 0.35463019417204422,
       0.52066430860306423, 0.19362526230181576, 0.19255854888752577,
       -0.65330731102412298, 0.73219584990135012, 0.70855448765874751,
       0., 0., 0., 1. ]
rvec_15: !!opencv-matrix
   rows: 3
   cols: 1
   dt: d
   data: [ -0.76268358330119657, 0.16016030737831616,
       -0.93910099494088928 ]
tvec_15: !!opencv-matrix
   rows: 3
   cols: 1
   dt: d
   data: [ 0.1117664111824776, 0.19362526230181576, 0.70855448765874751 ]
image_15: "calib_15_20251225_190551.jpg"
T_target_cam_16: !!opencv-matrix
   rows: 4
   cols: 4
   dt: d
   data: [ 0.54053372483472606, 0.79559767041632623, 0.27358296574240748,
       -0.052337629068344715, -0.81873455741367007, 0.42258801322998135,
       0.38870695333500105, 0.083989422514018933, 0.19364146460130446,
       -0.43410104572835539, 0.87980637942936624, 0.6758683697468344, 0.,
       0., 0., 1. ]
rvec_16: !!opencv-matrix
   rows: 3
   cols: 1
   dt: d
   data: [ -0.51524434106744765, 0.050059559613273311,
       -1.0108987101961369 ]
tvec_16: !!opencv-matrix
   rows: 3
   cols: 1
   dt: d
   data: [ -0.052337629068344715, 0.083989422514018933,
       0.6758683697468344 ]
image_16: "calib_16_20251225_190553.jpg"
T_target_cam_17: !!opencv-matrix
   rows: 4
   cols: 4
   dt: d
   data: [ 0.89316454060693562, 0.44483028910853362,
       -0.066205115316115323, -0.20677645625887855, -0.41959867167964482,
       0.87722188547701052, 0.23327819950616147, -0.068455115511363213,
       0.16184578501486957, -0.18057623745049411, 0.97015368078523689,
       0.76070714122406946, 0., 0., 0., 1. ]
rvec_17: !!opencv-matrix
   rows: 3
   cols: 1
   dt: d
   data: [ -0.21636717684183179, -0.11922725739925073,
       -0.45193197685988656 ]
tvec_17: !!opencv-matrix
   rows: 3
   cols: 1
   dt: d
   data: [ -0.20677645625887855, -0.068455115511363213,
       0.76070714122406946 ]
image_17: "calib_17_20251225_190602.jpg"
T_target_cam_18: !!opencv-matrix
   rows: 4
   cols: 4
   dt: d
   data: [ 0.64677389998291424, 0.55233641229484809,
       -0.52593536670787466, -0.46142740458650211, -0.32519170836225547,
       0.82347617590048749, 0.46490573295749638, 0.29707758149947627,
       0.68987960914447155, -0.12965907364147214, 0.71221811933501544,
       0.74885866207018659, 0., 0., 0., 1. ]
rvec_18: !!opencv-matrix
   rows: 3
   cols: 1
   dt: d
   data: [ -0.34583109288827274, -0.70718383796393913,
       -0.51041788151401946 ]
tvec_18: !!opencv-matrix
   rows: 3
   cols: 1
   dt: d
   data: [ -0.46142740458650211, 0.29707758149947627,
       0.74885866207018659 ]
image_18: "calib_18_20251225_190607.jpg"
T_target_cam_19: !!opencv-matrix
   rows: 4
   cols: 4
   dt: d
   data: [ 0.08492193268388834, 0.7827147230290471, 0.61655975193228019,
       0.34587074804781909, -0.90079727313304991, -0.20416177824002665,
       0.38325218984623088, 0.17240895696822867, 0.42585506697149239,
       -0.58794185993126225, 0.68772947535733331, 0.66017032605638826,
       0., 0., 0., 1. ]
rvec_19: !!opencv-matrix
   rows: 3
   cols: 1
   dt: d
   data: [ -0.88932018266241197, 0.17462784631223946,
       -1.5415881061918077 ]
tvec_19: !!opencv-matrix
   rows: 3
   cols: 1
   dt: d
   data: [ 0.34587074804781909, 0.17240895696822867, 0.66017032605638826 ]
image_19: "calib_19_20251225_190612.jpg"
T_target_cam_20: !!opencv-matrix
   rows: 4
   cols: 4
   dt: d
   data: [ 0.10786258719639266, 0.7723792627109255, 0.6259360485044998,
       0.14075812183219807, -0.87755771055345522, -0.22189702354309035,
       0.42503432283863296, 0.21561919013918765, 0.46718104299241281,
       -0.5951403073871272, 0.65387299041302882, 0.60214640669123165, 0.,
       0., 0., 1. ]
rvec_20: !!opencv-matrix
   rows: 3
   cols: 1
   dt: d
   data: [ -0.94501886732214113, 0.14705960239135979,
       -1.5283869285027978 ]
tvec_20: !!opencv-matrix
   rows: 3
   cols: 1
   dt: d
   data: [ 0.14075812183219807, 0.21561919013918765, 0.60214640669123165 ]
image_20: "calib_20_20251225_190617.jpg"
T_target_cam_21: !!opencv-matrix
   rows: 4
   cols: 4
   dt: d
   data: [ 0.20297847613452896, 0.60466609133553173, 0.77018092433863572,
       0.31914474768550144, -0.88943802082691548, -0.2150955449557394,
       0.40327895264654351, 0.18898453234308313, 0.40951159364980638,
       -0.7668851442877247, 0.49415324560018031, 0.47138149380948113, 0.,
       0., 0., 1. ]
rvec_21: !!opencv-matrix
   rows: 3
   cols: 1
   dt: d
   data: [ -1.110194949432848, 0.34218557072047689, -1.4175335267894273 ]
tvec_21: !!opencv-matrix
   rows: 3
   cols: 1
   dt: d
   data: [ 0.31914474768550144, 0.18898453234308313, 0.47138149380948113 ]
image_21: "calib_21_20251225_190618.jpg"
T_target_cam_22: !!opencv-matrix
   rows: 4
   cols: 4
   dt: d
   data: [ -0.11082737566281639, 0.99257533004392984,
       0.050114937811758159, -0.29266773328509593, -0.84418372940771602,
       -0.1206295762154483, 0.52230483086542601, 0.28627419603776427,
       0.52447223359008521, 0.015579458599860541, 0.85128500319385514,
       0.56189372808217963, 0., 0., 0., 1. ]
rvec_22: !!opencv-matrix
   rows: 3
   cols: 1
   dt: d
   data: [ -0.45472756252367025, -0.42568094806500473,
       -1.6482793555677533 ]
tvec_22: !!opencv-matrix
   rows: 3
   cols: 1
   dt: d
   data: [ -0.29266773328509593, 0.28627419603776427,
       0.56189372808217963 ]
image_22: "calib_22_20251225_190624.jpg"
T_target_cam_23: !!opencv-matrix
   rows: 4
   cols: 4
   dt: d
   data: [ 0.15409320900431103, 0.80983146475027312, 0.56606384943677579,
       0.11024775409071075, -0.82414114419363838, -0.21067426031321906,
       0.52574492911361348, 0.32801250813002086, 0.54501986879925224,
       -0.54753023180634075, 0.63495195713702668, 0.57154943007321823,
       0., 0., 0., 1. ]
rvec_23: !!opencv-matrix
   rows: 3
   cols: 1
   dt: d
   data: [ -0.97893505400112679, 0.019194230027773127,
       -1.490347603686103 ]
tvec_23: !!opencv-matrix
   rows: 3
   cols: 1
   dt: d
   data: [ 0.11024775409071075, 0.32801250813002086, 0.57154943007321823 ]
image_23: "calib_23_20251225_190627.jpg"
T_target_cam_24: !!opencv-matrix
   rows: 4
   cols: 4
   dt: d
   data: [ 0.046784416173157567, 0.78882245346896307, 0.612837951914323,
       0.1864390696165005, -0.91819758601112145, -0.20762869669462414,
       0.337347769152607, 0.096547500119397778, 0.39335024017621451,
       -0.57848894649085314, 0.71458108521092067, 0.49720331268794526,
       0., 0., 0., 1. ]
rvec_24: !!opencv-matrix
   rows: 3
   cols: 1
   dt: d
   data: [ -0.84360874407462116, 0.20217769136838432,
       -1.5723949553651939 ]
tvec_24: !!opencv-matrix
   rows: 3
   cols: 1
   dt: d
   data: [ 0.1864390696165005, 0.096547500119397778, 0.49720331268794526 ]
image_24: "calib_24_20251225_190629.jpg"
T_target_cam_25: !!opencv-matrix
   rows: 4
   cols: 4
   dt: d
   data: [ 0.72697393782106989, 0.64759390272424489, 0.22832220847589188,
       -0.014699562676137663, -0.67545716097855102, 0.61458728593447853,
       0.4074801733219513, 0.065732671469341669, 0.12355774929854965,
       -0.45044933690934974, 0.88421087839168999, 0.70173754728997284,
       0., 0., 0., 1. ]
rvec_25: !!opencv-matrix
   rows: 3
   cols: 1
   dt: d
   data: [ -0.49460772883918019, 0.060398098676894905,
       -0.76275646653053697 ]
tvec_25: !!opencv-matrix
   rows: 3
   cols: 1
   dt: d
   data: [ -0.014699562676137663, 0.065732671469341669,
       0.70173754728997284 ]
image_25: "calib_25_20251225_190637.jpg"
T_target_cam_26: !!opencv-matrix
   rows: 4
   cols: 4
   dt: d
   data: [ 0.75196453930733342, 0.65712281200010314,
       0.052334898236137323, -0.17236536852983986, -0.58447379392745336,
       0.62789877871406841, 0.51393920642565305, 0.21892145800221927,
       0.30486015783693088, -0.41705243511872514, 0.85622867887333864,
       0.71220927994467109, 0., 0., 0., 1. ]
rvec_26: !!opencv-matrix
   rows: 3
   cols: 1
   dt: d
   data: [ -0.53560346211487764, -0.14527885888349951,
       -0.71429582287305793 ]
tvec_26: !!opencv-matrix
   rows: 3
   cols: 1
   dt: d
   data: [ -0.17236536852983986, 0.21892145800221927,
       0.71220927994467109 ]
image_26: "calib_26_20251225_190639.jpg"
T_target_cam_27: !!opencv-matrix
   rows: 4
   cols: 4
   dt: d
   data: [ 0.7408310097398163, -0.66851913145465669,
       0.065204186115582707, 0.19016718972064242, 0.66911385278242641,
       0.7429988864189927, 0.015469544104274487, -0.11054084508171969,
       -0.058788323862323778, 0.032168706210355648, 0.99775202696772824,
       0.61517197606211715, 0., 0., 0., 1. ]
rvec_27: !!opencv-matrix
   rows: 3
   cols: 1
   dt: d
   data: [ 0.0091552053517593678, 0.067978074810976327,
       0.73334845054995823 ]
tvec_27: !!opencv-matrix
   rows: 3
   cols: 1
   dt: d
   data: [ 0.19016718972064242, -0.11054084508171969,
       0.61517197606211715 ]
image_27: "calib_27_20251225_190654.jpg"
T_target_cam_28: !!opencv-matrix
   rows: 4
   cols: 4
   dt: d
   data: [ 0.75092301173748355, -0.65506980995353425,
       0.083655092675507997, 0.20086706447832245, 0.65740327758592676,
       0.75353879544180546, -0.00046301554394016439,
       -0.13068073752005543, -0.062734050262900493, 0.055342821138370232,
       0.9964946618452396, 0.61048869729159416, 0., 0., 0., 1. ]
rvec_28: !!opencv-matrix
   rows: 3
   cols: 1
   dt: d
   data: [ 0.030483218878248293, 0.07996318218458319,
       0.71692150459161175 ]
tvec_28: !!opencv-matrix
   rows: 3
   cols: 1
   dt: d
   data: [ 0.20086706447832245, -0.13068073752005543,
       0.61048869729159416 ]
image_28: "calib_28_20251225_190656.jpg"
T_target_cam_29: !!opencv-matrix
   rows: 4
   cols: 4
   dt: d
   data: [ 0.2217407696602624, 0.95329940559146853, 0.2050640738145692,
       -0.18931439118694823, -0.88939474237320337, 0.11151151432033381,
       0.44333077313997638, 0.17477340994532381, 0.39975995711098639,
       -0.28068741595044588, 0.87258612825192428, 0.64565210058211364,
       0., 0., 0., 1. ]
rvec_29: !!opencv-matrix
   rows: 3
   cols: 1
   dt: d
   data: [ -0.53415529207533674, -0.14363981178251195,
       -1.3594752806530064 ]
tvec_29: !!opencv-matrix
   rows: 3
   cols: 1
   dt: d
   data: [ -0.18931439118694823, 0.17477340994532381,
       0.64565210058211364 ]
image_29: "calib_29_20251225_190705.jpg"
