%YAML:1.0
---
num_images: 30
board_size_cols: 11
board_size_rows: 8
square_size: 0.020730000000000002
T_target_cam_0: !!opencv-matrix
   rows: 4
   cols: 4
   dt: d
   data: [ 0.4158074283987907, 0.87886626762227826, 0.23387660448208686,
       -0.047652940289925241, -0.84776306350668706, 0.28146779904928443,
       0.44952604624438441, 0.17651361572773841, 0.3292445453491088,
       -0.38518821598542907, 0.8621067611519011, 0.69826013235919571, 0.,
       0., 0., 1. ]
rvec_0: !!opencv-matrix
   rows: 3
   cols: 1
   dt: d
   data: [ -0.55960779258764559, -0.063936421464342766,
       -1.1575640579436266 ]
tvec_0: !!opencv-matrix
   rows: 3
   cols: 1
   dt: d
   data: [ -0.047652940289925241, 0.17651361572773841,
       0.69826013235919571 ]
image_0: "calib_00_20251225_190348.jpg"
T_target_cam_1: !!opencv-matrix
   rows: 4
   cols: 4
   dt: d
   data: [ 0.9186168362970627, -0.26893732278738502, 0.28950962761802845,
       0.31945537546799879, 0.13929040065400533, 0.90601626603901775,
       0.39966574779228026, 0.15135115323705392, -0.36978546801790668,
       -0.32681377278913726, 0.86974218338431075, 0.5921480842081206, 0.,
       0., 0., 1. ]
rvec_1: !!opencv-matrix
   rows: 3
   cols: 1
   dt: d
   data: [ -0.38295270745217247, 0.34753745251023177,
       0.21519107906001433 ]
tvec_1: !!opencv-matrix
   rows: 3
   cols: 1
   dt: d
   data: [ 0.31945537546799879, 0.15135115323705392, 0.5921480842081206 ]
image_1: "calib_01_20251225_190409.jpg"
T_target_cam_2: !!opencv-matrix
   rows: 4
   cols: 4
   dt: d
   data: [ 0.94349119885458177, 0.05668780454308639, 0.32651317048478901,
       0.23835675178986829, -0.10779377416877151, 0.98417930414287735,
       0.14061151996651511, -0.14600826685520082, -0.31337654656083624,
       -0.16786181850833926, 0.93467510395467224, 0.5416902322874374, 0.,
       0., 0., 1. ]
rvec_2: !!opencv-matrix
   rows: 3
   cols: 1
   dt: d
   data: [ -0.15787561242965065, 0.32749339526550036,
       -0.084181116270595116 ]
tvec_2: !!opencv-matrix
   rows: 3
   cols: 1
   dt: d
   data: [ 0.23835675178986829, -0.14600826685520082, 0.5416902322874374 ]
image_2: "calib_02_20251225_190421.jpg"
T_target_cam_3: !!opencv-matrix
   rows: 4
   cols: 4
   dt: d
   data: [ 0.39674464845783841, 0.76384939857588618, 0.50904595098608074,
       0.30928216711681966, -0.86087210024742078, 0.11716014273211388,
       0.4951491976875107, 0.2598102886456421, 0.31857952058420375,
       -0.63467125131854496, 0.70405929566627501, 0.78065364271515136,
       0., 0., 0., 1. ]
rvec_3: !!opencv-matrix
   rows: 3
   cols: 1
   dt: d
   data: [ -0.83061870894967516, 0.14002665703018466,
       -1.1944588849870987 ]
tvec_3: !!opencv-matrix
   rows: 3
   cols: 1
   dt: d
   data: [ 0.30928216711681966, 0.2598102886456421, 0.78065364271515136 ]
image_3: "calib_03_20251225_190441.jpg"
T_target_cam_4: !!opencv-matrix
   rows: 4
   cols: 4
   dt: d
   data: [ -0.73765583961336045, 0.26583105988016353,
       0.62064298101831228, 0.1063417934427125, -0.4397661175621258,
       -0.88667052282322589, -0.1429025745069756, -0.026283420996066866,
       0.51231789362527902, -0.37835067273546119, 0.77096118210450859,
       0.69320123982366988, 0., 0., 0., 1. ]
rvec_4: !!opencv-matrix
   rows: 3
   cols: 1
   dt: d
   data: [ -0.86333741360385963, 0.39720474058600286,
       -2.5872727229593298 ]
tvec_4: !!opencv-matrix
   rows: 3
   cols: 1
   dt: d
   data: [ 0.1063417934427125, -0.026283420996066866,
       0.69320123982366988 ]
image_4: "calib_04_20251225_190450.jpg"
T_target_cam_5: !!opencv-matrix
   rows: 4
   cols: 4
   dt: d
   data: [ -0.56984534231011219, 0.53685121173732298,
       0.62214713878924099, 0.15355200135307068, -0.38965585131813496,
       -0.84309865427621988, 0.3706116251430418, 0.43523634632786251,
       0.72349471551699018, -0.031231964616319857, 0.6896230571879064,
       0.68570498672519675, 0., 0., 0., 1. ]
rvec_5: !!opencv-matrix
   rows: 3
   cols: 1
   dt: d
   data: [ -1.033076519011024, -0.26054864241782183, -2.3819035961569952 ]
tvec_5: !!opencv-matrix
   rows: 3
   cols: 1
   dt: d
   data: [ 0.15355200135307068, 0.43523634632786251, 0.68570498672519675 ]
image_5: "calib_05_20251225_190455.jpg"
T_target_cam_6: !!opencv-matrix
   rows: 4
   cols: 4
   dt: d
   data: [ -0.8706870599536114, 0.3454486939757212, 0.35009890525365106,
       -0.21600428447479927, -0.24354467839835978, -0.92124138189590621,
       0.30331552203334505, 0.44551106796847123, 0.42730555022510053,
       0.17882817482988977, 0.88624514138799926, 0.64534108772089982, 0.,
       0., 0., 1. ]
rvec_6: !!opencv-matrix
   rows: 3
   cols: 1
   dt: d
   data: [ -0.58112454562366067, -0.36041153969514078,
       -2.7495043760297522 ]
tvec_6: !!opencv-matrix
   rows: 3
   cols: 1
   dt: d
   data: [ -0.21600428447479927, 0.44551106796847123,
       0.64534108772089982 ]
image_6: "calib_06_20251225_190507.jpg"
T_target_cam_7: !!opencv-matrix
   rows: 4
   cols: 4
   dt: d
   data: [ -0.92639693393628264, 0.26633709993009153,
       0.26618277554019754, -0.29298274880909209, -0.23485819171915454,
       -0.96124104901267504, 0.14442048149559955, 0.30618312701055012,
       0.29433034260141033, 0.071275485924968698, 0.9530422102563435,
       0.68438371496832628, 0., 0., 0., 1. ]
rvec_7: !!opencv-matrix
   rows: 3
   cols: 1
   dt: d
   data: [ -0.41600614752126314, -0.16008697305784184,
       -2.8505070074611596 ]
tvec_7: !!opencv-matrix
   rows: 3
   cols: 1
   dt: d
   data: [ -0.29298274880909209, 0.30618312701055012,
       0.68438371496832628 ]
image_7: "calib_07_20251225_190516.jpg"
T_target_cam_8: !!opencv-matrix
   rows: 4
   cols: 4
   dt: d
   data: [ -0.23890268690488414, 0.6841130357189219, 0.68914066818688624,
       0.22833790624429587, -0.70360783710234986, -0.6110610239146046,
       0.36268503776774152, 0.18004858803284501, 0.66922456452059509,
       -0.39823834497933031, 0.62733141387176206, 0.43002295032163823,
       0., 0., 0., 1. ]
rvec_8: !!opencv-matrix
   rows: 3
   cols: 1
   dt: d
   data: [ -1.071367914350233, 0.02804155442024309, -1.9538887237862741 ]
tvec_8: !!opencv-matrix
   rows: 3
   cols: 1
   dt: d
   data: [ 0.22833790624429587, 0.18004858803284501, 0.43002295032163823 ]
image_8: "calib_08_20251225_190521.jpg"
T_target_cam_9: !!opencv-matrix
   rows: 4
   cols: 4
   dt: d
   data: [ -0.34823918639979057, 0.79207349994267395,
       0.50134722472970261, 0.03439396691814247, -0.61327144648264298,
       -0.59699329135697377, 0.51720125966963204, 0.3379121900622058,
       0.70896234172535477, -0.12735219182774379, 0.69365251909869929,
       0.48695827541433895, 0., 0., 0., 1. ]
rvec_9: !!opencv-matrix
   rows: 3
   cols: 1
   dt: d
   data: [ -0.92839018331779888, -0.29904088804328499,
       -2.0242052065744836 ]
tvec_9: !!opencv-matrix
   rows: 3
   cols: 1
   dt: d
   data: [ 0.03439396691814247, 0.3379121900622058, 0.48695827541433895 ]
image_9: "calib_09_20251225_190523.jpg"
T_target_cam_10: !!opencv-matrix
   rows: 4
   cols: 4
   dt: d
   data: [ -0.47128235644326755, 0.75603246862270579,
       0.45421123598336721, -0.047875174346921595, -0.69911297250116422,
       -0.63419013469339591, 0.33021799578181471, 0.14070325339011747,
       0.53771181146211311, -0.16191905213973307, 0.82743472755758984,
       0.56645593265097727, 0., 0., 0., 1. ]
rvec_10: !!opencv-matrix
   rows: 3
   cols: 1
   dt: d
   data: [ -0.72427216384013982, -0.12288679086303814,
       -2.1415200131669567 ]
tvec_10: !!opencv-matrix
   rows: 3
   cols: 1
   dt: d
   data: [ -0.047875174346921595, 0.14070325339011747,
       0.56645593265097727 ]
image_10: "calib_10_20251225_190527.jpg"
