%YAML:1.0
---
T_cam_gripper: !!opencv-matrix
   rows: 4
   cols: 4
   dt: d
   data: [ 0.52722459743345707, 0.0058059425128808434,
       0.84970613443276177, -0.05331458628436278, 0.84806852023213186,
       0.0588318243900392, -0.52661048359315643, 0.07198185241480308,
       -0.053047232278511158, 0.99825102427719903, 0.026093747854863847,
       -0.0014080114298079972, 0., 0., 0., 1. ]
rotation_matrix: !!opencv-matrix
   rows: 3
   cols: 3
   dt: d
   data: [ 0.52722459743345707, 0.0058059425128808434,
       0.84970613443276177, 0.84806852023213186, 0.0588318243900392,
       -0.52661048359315643, -0.053047232278511158, 0.99825102427719903,
       0.026093747854863847 ]
translation_vector: !!opencv-matrix
   rows: 3
   cols: 1
   dt: d
   data: [ -0.05331458628436278, 0.07198185241480308,
       -0.0014080114298079972 ]
euler_angles_deg: !!opencv-matrix
   rows: 3
   cols: 1
   dt: d
   data: [ 88.502659936357077, 3.0408098074110006, 58.131738440894061 ]
quaternion_xyzw: !!opencv-matrix
   rows: 4
   cols: 1
   dt: d
   data: [ 0.60047877256164339, 0.35549735551116329, 0.33167654651458461,
       0.63485237844682474 ]
calibration_date: "2025-12-24 21:11:31"
num_samples: 8
