%YAML:1.0
---
T_cam_gripper: !!opencv-matrix
   rows: 4
   cols: 4
   dt: d
   data: [ 0.53664735123448426, 0.045951514694462292,
       0.84255449598841792, -0.064702706492117609, 0.83659988141491692,
       0.1012485255874489, -0.5383766102673061, 0.082373872579303731,
       -0.1100466211637563, 0.99379937329606538, 0.015891721328678443,
       0.00030918153736480582, 0., 0., 0., 1. ]
rotation_matrix: !!opencv-matrix
   rows: 3
   cols: 3
   dt: d
   data: [ 0.53664735123448426, 0.045951514694462292,
       0.84255449598841792, 0.83659988141491692, 0.1012485255874489,
       -0.5383766102673061, -0.1100466211637563, 0.99379937329606538,
       0.015891721328678443 ]
translation_vector: !!opencv-matrix
   rows: 3
   cols: 1
   dt: d
   data: [ -0.064702706492117609, 0.082373872579303731,
       0.00030918153736480582 ]
euler_angles_deg: !!opencv-matrix
   rows: 3
   cols: 1
   dt: d
   data: [ 89.083868446826187, 6.318003081141871, 57.321355261718949 ]
quaternion_xyzw: !!opencv-matrix
   rows: 4
   cols: 1
   dt: d
   data: [ 0.59571534819877625, 0.37037462555643791, 0.30740683324657303,
       0.64299836666795118 ]
calibration_date: "2025-12-28 16:26:33"
num_samples: 17
