%YAML:1.0
---
K: !!opencv-matrix
   rows: 3
   cols: 3
   dt: d
   data: [ 724.92341815449993, 0., 588.4637606467187, 0.,
       712.71084379120225, 260.10141621535973, 0., 0., 1. ]
distCoeffs: !!opencv-matrix
   rows: 1
   cols: 5
   dt: d
   data: [ -0.32819965017967578, 0.13181502170499826,
       0.010391896673437522, -0.0020831677281604286,
       -0.02965154975857311 ]
image_width: 1280
image_height: 720
board_size_cols: 11
board_size_rows: 8
square_size: 0.020730000000000002
calibration_date: "2025-12-25 19:07:06"
mean_reprojection_error: 0.13199731570429021
