%YAML:1.0
---
T_cam_base: !!opencv-matrix
   rows: 4
   cols: 4
   dt: d
   data: [ -0.14629162715995614, -0.38977745134103675,
       0.90921521008448669, -0.23083102114532886, -0.98865058348301926,
       0.089370432913250752, -0.12075988365174495, 0.24174381900224079,
       -0.034187477262545229, -0.91656230783672488, -0.39842785074770903,
       0.4945076915360424, 0., 0., 0., 1. ]
rotation_matrix: !!opencv-matrix
   rows: 3
   cols: 3
   dt: d
   data: [ -0.14629162715995614, -0.38977745134103675,
       0.90921521008448669, -0.98865058348301926, 0.089370432913250752,
       -0.12075988365174495, -0.034187477262545229, -0.91656230783672488,
       -0.39842785074770903 ]
translation_vector: !!opencv-matrix
   rows: 3
   cols: 1
   dt: d
   data: [ -0.23083102114532886, 0.24174381900224079, 0.4945076915360424 ]
euler_angles_deg: !!opencv-matrix
   rows: 3
   cols: 1
   dt: d
   data: [ -113.49449108968969, 1.9591799286979126, -98.417037570353685 ]
quaternion_xyzw: !!opencv-matrix
   rows: 4
   cols: 1
   dt: d
   data: [ -0.53915809153589234, 0.63915763134396597,
       -0.40573801383990277, 0.36900235602418052 ]
calibration_date: "2025-12-29 00:04:58"
num_samples: 21
