%YAML:1.0
---
T_cam_gripper: !!opencv-matrix
   rows: 4
   cols: 4
   dt: d
   data: [ 0.59750160311384737, -0.053619878909447818,
       0.80007296096175984, -0.022388357988170956, 0.80008811803810387,
       0.10630256060331728, -0.59038865926050577, 0.065611722017909421,
       -0.053393236000649769, 0.99288703999745753, 0.10641657838168009,
       0.0062496076712883677, 0., 0., 0., 1. ]
rotation_matrix: !!opencv-matrix
   rows: 3
   cols: 3
   dt: d
   data: [ 0.59750160311384737, -0.053619878909447818,
       0.80007296096175984, 0.80008811803810387, 0.10630256060331728,
       -0.59038865926050577, -0.053393236000649769, 0.99288703999745753,
       0.10641657838168009 ]
translation_vector: !!opencv-matrix
   rows: 3
   cols: 1
   dt: d
   data: [ -0.022388357988170956, 0.065611722017909421,
       0.0062496076712883677 ]
euler_angles_deg: !!opencv-matrix
   rows: 3
   cols: 1
   dt: d
   data: [ 83.882452629696004, 3.0606624957330815, 53.247817702994254 ]
quaternion_xyzw: !!opencv-matrix
   rows: 4
   cols: 1
   dt: d
   data: [ 0.58838390191456891, 0.31716887422467321, 0.31725873300214802,
       0.67272222018059735 ]
calibration_date: "2025-12-23 06:59:43"
num_samples: 13
