======================================================================
相机标定报告
生成时间: 2025-12-28 16:18:20
======================================================================

棋盘格参数:
  内角点: 11 × 8
  方格大小: 20.7 mm

内参矩阵 K:
  [[688.062359, 0.000000, 651.567900],
   [0.000000, 691.403543, 334.248650],
   [0.000000, 0.000000, 1.000000]]

畸变系数:
  k1=-0.30665391
  k2=0.15472165
  p1=-0.00915531
  p2=-0.00233435
  k3=-0.04686482

重投影误差:
  calib_00_20251228_161703.jpg: 0.0616 px
  calib_01_20251228_161704.jpg: 0.0981 px
  calib_02_20251228_161713.jpg: 0.0644 px
  calib_03_20251228_161715.jpg: 0.0581 px
  calib_04_20251228_161716.jpg: 0.1899 px
  calib_05_20251228_161719.jpg: 0.1027 px
  calib_06_20251228_161723.jpg: 0.0846 px
  calib_07_20251228_161730.jpg: 0.0650 px
  calib_08_20251228_161732.jpg: 0.0784 px
  calib_09_20251228_161735.jpg: 0.0838 px
  calib_10_20251228_161735.jpg: 0.0727 px
  calib_11_20251228_161736.jpg: 0.0733 px
  calib_12_20251228_161738.jpg: 0.1371 px
  calib_13_20251228_161739.jpg: 0.1038 px
  calib_14_20251228_161741.jpg: 0.0749 px
  calib_15_20251228_161742.jpg: 0.1157 px
  calib_16_20251228_161743.jpg: 0.1284 px
  calib_17_20251228_161744.jpg: 0.0982 px
  calib_18_20251228_161746.jpg: 0.0916 px
  calib_19_20251228_161751.jpg: 0.1995 px
  calib_20_20251228_161754.jpg: 0.0716 px
  calib_21_20251228_161757.jpg: 0.0340 px
  calib_22_20251228_161758.jpg: 0.0964 px
  calib_23_20251228_161800.jpg: 0.0971 px
  calib_24_20251228_161802.jpg: 0.1045 px
  calib_25_20251228_161803.jpg: 0.1074 px
  calib_26_20251228_161806.jpg: 0.0773 px
  calib_27_20251228_161811.jpg: 0.0304 px
  calib_28_20251228_161816.jpg: 0.0427 px
  calib_29_20251228_161819.jpg: 0.4329 px

  平均: 0.1025 px
  标准差: 0.0716 px
