%YAML:1.0
---
K: !!opencv-matrix
   rows: 3
   cols: 3
   dt: d
   data: [ 688.06235921449718, 0., 651.56790011377961, 0.,
       691.40354342018657, 334.24865016025041, 0., 0., 1. ]
distCoeffs: !!opencv-matrix
   rows: 1
   cols: 5
   dt: d
   data: [ -0.30665391000411657, 0.15472164618194215,
       -0.0091553092146285965, -0.0023343451792570448,
       -0.046864819672083044 ]
image_width: 1280
image_height: 720
board_size_cols: 11
board_size_rows: 8
square_size: 0.020729999999999998
calibration_date: "2025-12-28 16:18:20"
mean_reprojection_error: 0.10253409700788226
