%YAML:1.0
---
num_images: 30
board_size_cols: 11
board_size_rows: 8
square_size: 0.020729999999999998
T_target_cam_0: !!opencv-matrix
   rows: 4
   cols: 4
   dt: d
   data: [ 0.030314734603195944, 0.99840745125391062,
       0.04757707585180259, -0.16366030731464562, -0.99594538283586231,
       0.026138058407896323, 0.086079012021474804, 0.048501126042018665,
       0.08469835461132405, -0.049993631427770691, 0.99515165956893181,
       0.52417487760416392, 0., 0., 0., 1. ]
rvec_0: !!opencv-matrix
   rows: 3
   cols: 1
   dt: d
   data: [ -0.10515052890532549, -0.028685575559216865,
       -1.5411419225245988 ]
tvec_0: !!opencv-matrix
   rows: 3
   cols: 1
   dt: d
   data: [ -0.16366030731464562, 0.048501126042018665,
       0.52417487760416392 ]
image_0: "calib_00_20251228_161703.jpg"
T_target_cam_1: !!opencv-matrix
   rows: 4
   cols: 4
   dt: d
   data: [ -0.02498262113190431, 0.99645945565498795,
       0.080277156633408439, -0.18433512653329781, -0.97184692478034096,
       -0.043027903871896971, 0.23165093197176026, -0.046243629493262495,
       0.23428491935328238, -0.072229860335984691, 0.96948100746712429,
       0.53027701141960759, 0., 0., 0., 1. ]
rvec_1: !!opencv-matrix
   rows: 3
   cols: 1
   dt: d
   data: [ -0.24645501114235413, -0.12490419216327742,
       -1.5963462752541733 ]
tvec_1: !!opencv-matrix
   rows: 3
   cols: 1
   dt: d
   data: [ -0.18433512653329781, -0.046243629493262495,
       0.53027701141960759 ]
image_1: "calib_01_20251228_161704.jpg"
T_target_cam_2: !!opencv-matrix
   rows: 4
   cols: 4
   dt: d
   data: [ -0.13393677456436603, 0.98848540909149618,
       0.070409775120444579, 0.17180655926058311, -0.97622259054878013,
       -0.1438274432187002, 0.16218236735046293, -0.072070308350654061,
       0.17044176167102684, -0.047013429893903315, 0.98424557062152307,
       0.66066071740205878, 0., 0., 0., 1. ]
rvec_2: !!opencv-matrix
   rows: 3
   cols: 1
   dt: d
   data: [ -0.18167549803095501, -0.086872495599775959,
       -1.7062451015834696 ]
tvec_2: !!opencv-matrix
   rows: 3
   cols: 1
   dt: d
   data: [ 0.17180655926058311, -0.072070308350654061,
       0.66066071740205878 ]
image_2: "calib_02_20251228_161713.jpg"
T_target_cam_3: !!opencv-matrix
   rows: 4
   cols: 4
   dt: d
   data: [ 0.039499743804116458, 0.9959875653979251,
       -0.080302800773839889, 0.23653387931308786, -0.99811069382713979,
       0.043113387206305254, 0.043775320804131101, 0.17981509333627532,
       0.047061800935733034, 0.078421970239933719, 0.99580880769170343,
       0.70920298279638461, 0., 0., 0., 1. ]
rvec_3: !!opencv-matrix
   rows: 3
   cols: 1
   dt: d
   data: [ 0.026552396306319465, -0.097609305230376614,
       -1.5282311021385808 ]
tvec_3: !!opencv-matrix
   rows: 3
   cols: 1
   dt: d
   data: [ 0.23653387931308786, 0.17981509333627532, 0.70920298279638461 ]
image_3: "calib_03_20251228_161715.jpg"
T_target_cam_4: !!opencv-matrix
   rows: 4
   cols: 4
   dt: d
   data: [ 0.18643173002633942, 0.97848435342488249,
       -0.088383143992932595, 0.22730844120442167, -0.98162329132659065,
       0.18178672926878683, -0.058045662946578189, 0.34986372490466067,
       -0.040729890308433776, 0.097580506067790854, 0.99439384595391389,
       0.71734434259037405, 0., 0., 0., 1. ]
rvec_4: !!opencv-matrix
   rows: 3
   cols: 1
   dt: d
   data: [ 0.10986284697974927, -0.033640371351323868,
       -1.3837197664313456 ]
tvec_4: !!opencv-matrix
   rows: 3
   cols: 1
   dt: d
   data: [ 0.22730844120442167, 0.34986372490466067, 0.71734434259037405 ]
image_4: "calib_04_20251228_161716.jpg"
T_target_cam_5: !!opencv-matrix
   rows: 4
   cols: 4
   dt: d
   data: [ -0.093613304339081937, 0.97846581910431185,
       -0.18395975129154368, 0.050571101079651064, -0.97870077981430703,
       -0.12434664563773062, -0.16334838630825804, 0.32887978960704545,
       -0.18270559061393188, 0.1647499698427069, 0.96926576056066338,
       0.55040750233428226, 0., 0., 0., 1. ]
rvec_5: !!opencv-matrix
   rows: 3
   cols: 1
   dt: d
   data: [ 0.28031541228655904, -0.0010715096885659989,
       -1.6721326145167328 ]
tvec_5: !!opencv-matrix
   rows: 3
   cols: 1
   dt: d
   data: [ 0.050571101079651064, 0.32887978960704545,
       0.55040750233428226 ]
image_5: "calib_05_20251228_161719.jpg"
T_target_cam_6: !!opencv-matrix
   rows: 4
   cols: 4
   dt: d
   data: [ -0.10789501116333876, 0.99227273668029503,
       -0.061265672338274249, -0.27688047316324743, -0.99015569687980953,
       -0.10172885206987164, 0.096140192391137663, 0.22385495406336189,
       0.089164805290662716, 0.071035601620201339, 0.99348053871222575,
       0.33257719025297194, 0., 0., 0., 1. ]
rvec_6: !!opencv-matrix
   rows: 3
   cols: 1
   dt: d
   data: [ -0.021200470418155395, -0.12703640222860799,
       -1.6741326614436434 ]
tvec_6: !!opencv-matrix
   rows: 3
   cols: 1
   dt: d
   data: [ -0.27688047316324743, 0.22385495406336189,
       0.33257719025297194 ]
image_6: "calib_06_20251228_161723.jpg"
T_target_cam_7: !!opencv-matrix
   rows: 4
   cols: 4
   dt: d
   data: [ 0.98167951881041982, 0.18925670283545692,
       -0.022073123476170152, -0.24873103964930454, -0.16063383070991749,
       0.88433632614449464, 0.43834465286200958, 0.03953805555948544,
       0.10247972862766697, -0.42676827751498786, 0.8985358882800899,
       0.50855692302187849, 0., 0., 0., 1. ]
rvec_7: !!opencv-matrix
   rows: 3
   cols: 1
   dt: d
   data: [ -0.45037243879639555, -0.064841444152969524,
       -0.18215084686797126 ]
tvec_7: !!opencv-matrix
   rows: 3
   cols: 1
   dt: d
   data: [ -0.24873103964930454, 0.03953805555948544,
       0.50855692302187849 ]
image_7: "calib_07_20251228_161730.jpg"
T_target_cam_8: !!opencv-matrix
   rows: 4
   cols: 4
   dt: d
   data: [ 0.96614063031924391, 0.25367452876833585,
       0.047132959810485819, -0.34712502426652109, -0.24870585478865459,
       0.86697938516434436, 0.43184736133719737, 0.034902494174831329,
       0.068685371369592088, -0.42894752494240829, 0.90071435017190837,
       0.54959171659211459, 0., 0., 0., 1. ]
rvec_8: !!opencv-matrix
   rows: 3
   cols: 1
   dt: d
   data: [ -0.45056826817458107, -0.011281238894370047,
       -0.26296236535799911 ]
tvec_8: !!opencv-matrix
   rows: 3
   cols: 1
   dt: d
   data: [ -0.34712502426652109, 0.034902494174831329,
       0.54959171659211459 ]
image_8: "calib_08_20251228_161732.jpg"
T_target_cam_9: !!opencv-matrix
   rows: 4
   cols: 4
   dt: d
   data: [ 0.61308609946281001, 0.78063854979791703, -0.1213626351678409,
       -0.22808775596801584, -0.69677211459731703, 0.60670794556550534,
       0.38264094018709899, 0.055113154082603824, 0.37233594369206519,
       -0.15002974157509169, 0.91589138093872813, 0.45901780696622585,
       0., 0., 0., 1. ]
rvec_9: !!opencv-matrix
   rows: 3
   cols: 1
   dt: d
   data: [ -0.31285588413433091, -0.2899662224211455,
       -0.86773429712659778 ]
tvec_9: !!opencv-matrix
   rows: 3
   cols: 1
   dt: d
   data: [ -0.22808775596801584, 0.055113154082603824,
       0.45901780696622585 ]
image_9: "calib_09_20251228_161735.jpg"
T_target_cam_10: !!opencv-matrix
   rows: 4
   cols: 4
   dt: d
   data: [ 0.95190316113998719, -0.30599522234960375,
       -0.015725638648911987, -0.13266936930408116, 0.28240674523099429,
       0.85629966479877406, 0.43243186089087304, -0.04701823788159061,
       -0.11885622432054566, -0.41607428178718719, 0.90152947260505045,
       0.52983760875084362, 0., 0., 0., 1. ]
rvec_10: !!opencv-matrix
   rows: 3
   cols: 1
   dt: d
   data: [ -0.44604831623241825, 0.054214367789614366,
       0.30931503463110283 ]
tvec_10: !!opencv-matrix
   rows: 3
   cols: 1
   dt: d
   data: [ -0.13266936930408116, -0.04701823788159061,
       0.52983760875084362 ]
image_10: "calib_10_20251228_161735.jpg"
