%YAML:1.0
---
num_images: 30
board_size_cols: 11
board_size_rows: 8
square_size: 0.020729999999999998
T_target_cam_0: !!opencv-matrix
   rows: 4
   cols: 4
   dt: d
   data: [ 0.030314734603195944, 0.99840745125391062,
       0.04757707585180259, -0.16366030731464562, -0.99594538283586231,
       0.026138058407896323, 0.086079012021474804, 0.048501126042018665,
       0.08469835461132405, -0.049993631427770691, 0.99515165956893181,
       0.52417487760416392, 0., 0., 0., 1. ]
rvec_0: !!opencv-matrix
   rows: 3
   cols: 1
   dt: d
   data: [ -0.10515052890532549, -0.028685575559216865,
       -1.5411419225245988 ]
tvec_0: !!opencv-matrix
   rows: 3
   cols: 1
   dt: d
   data: [ -0.16366030731464562, 0.048501126042018665,
       0.52417487760416392 ]
image_0: "calib_00_20251228_161703.jpg"
T_target_cam_1: !!opencv-matrix
   rows: 4
   cols: 4
   dt: d
   data: [ -0.02498262113190431, 0.99645945565498795,
       0.080277156633408439, -0.18433512653329781, -0.97184692478034096,
       -0.043027903871896971, 0.23165093197176026, -0.046243629493262495,
       0.23428491935328238, -0.072229860335984691, 0.96948100746712429,
       0.53027701141960759, 0., 0., 0., 1. ]
rvec_1: !!opencv-matrix
   rows: 3
   cols: 1
   dt: d
   data: [ -0.24645501114235413, -0.12490419216327742,
       -1.5963462752541733 ]
tvec_1: !!opencv-matrix
   rows: 3
   cols: 1
   dt: d
   data: [ -0.18433512653329781, -0.046243629493262495,
       0.53027701141960759 ]
image_1: "calib_01_20251228_161704.jpg"
T_target_cam_2: !!opencv-matrix
   rows: 4
   cols: 4
   dt: d
   data: [ -0.13393677456436603, 0.98848540909149618,
       0.070409775120444579, 0.17180655926058311, -0.97622259054878013,
       -0.1438274432187002, 0.16218236735046293, -0.072070308350654061,
       0.17044176167102684, -0.047013429893903315, 0.98424557062152307,
       0.66066071740205878, 0., 0., 0., 1. ]
rvec_2: !!opencv-matrix
   rows: 3
   cols: 1
   dt: d
   data: [ -0.18167549803095501, -0.086872495599775959,
       -1.7062451015834696 ]
tvec_2: !!opencv-matrix
   rows: 3
   cols: 1
   dt: d
   data: [ 0.17180655926058311, -0.072070308350654061,
       0.66066071740205878 ]
image_2: "calib_02_20251228_161713.jpg"
T_target_cam_3: !!opencv-matrix
   rows: 4
   cols: 4
   dt: d
   data: [ 0.039499743804116458, 0.9959875653979251,
       -0.080302800773839889, 0.23653387931308786, -0.99811069382713979,
       0.043113387206305254, 0.043775320804131101, 0.17981509333627532,
       0.047061800935733034, 0.078421970239933719, 0.99580880769170343,
       0.70920298279638461, 0., 0., 0., 1. ]
rvec_3: !!opencv-matrix
   rows: 3
   cols: 1
   dt: d
   data: [ 0.026552396306319465, -0.097609305230376614,
       -1.5282311021385808 ]
tvec_3: !!opencv-matrix
   rows: 3
   cols: 1
   dt: d
   data: [ 0.23653387931308786, 0.17981509333627532, 0.70920298279638461 ]
image_3: "calib_03_20251228_161715.jpg"
T_target_cam_4: !!opencv-matrix
   rows: 4
   cols: 4
   dt: d
   data: [ 0.18643173002633942, 0.97848435342488249,
       -0.088383143992932595, 0.22730844120442167, -0.98162329132659065,
       0.18178672926878683, -0.058045662946578189, 0.34986372490466067,
       -0.040729890308433776, 0.097580506067790854, 0.99439384595391389,
       0.71734434259037405, 0., 0., 0., 1. ]
rvec_4: !!opencv-matrix
   rows: 3
   cols: 1
   dt: d
   data: [ 0.10986284697974927, -0.033640371351323868,
       -1.3837197664313456 ]
tvec_4: !!opencv-matrix
   rows: 3
   cols: 1
   dt: d
   data: [ 0.22730844120442167, 0.34986372490466067, 0.71734434259037405 ]
image_4: "calib_04_20251228_161716.jpg"
T_target_cam_5: !!opencv-matrix
   rows: 4
   cols: 4
   dt: d
   data: [ -0.093613304339081937, 0.97846581910431185,
       -0.18395975129154368, 0.050571101079651064, -0.97870077981430703,
       -0.12434664563773062, -0.16334838630825804, 0.32887978960704545,
       -0.18270559061393188, 0.1647499698427069, 0.96926576056066338,
       0.55040750233428226, 0., 0., 0., 1. ]
rvec_5: !!opencv-matrix
   rows: 3
   cols: 1
   dt: d
   data: [ 0.28031541228655904, -0.0010715096885659989,
       -1.6721326145167328 ]
tvec_5: !!opencv-matrix
   rows: 3
   cols: 1
   dt: d
   data: [ 0.050571101079651064, 0.32887978960704545,
       0.55040750233428226 ]
image_5: "calib_05_20251228_161719.jpg"
T_target_cam_6: !!opencv-matrix
   rows: 4
   cols: 4
   dt: d
   data: [ -0.10789501116333876, 0.99227273668029503,
       -0.061265672338274249, -0.27688047316324743, -0.99015569687980953,
       -0.10172885206987164, 0.096140192391137663, 0.22385495406336189,
       0.089164805290662716, 0.071035601620201339, 0.99348053871222575,
       0.33257719025297194, 0., 0., 0., 1. ]
rvec_6: !!opencv-matrix
   rows: 3
   cols: 1
   dt: d
   data: [ -0.021200470418155395, -0.12703640222860799,
       -1.6741326614436434 ]
tvec_6: !!opencv-matrix
   rows: 3
   cols: 1
   dt: d
   data: [ -0.27688047316324743, 0.22385495406336189,
       0.33257719025297194 ]
image_6: "calib_06_20251228_161723.jpg"
T_target_cam_7: !!opencv-matrix
   rows: 4
   cols: 4
   dt: d
   data: [ 0.98167951881041982, 0.18925670283545692,
       -0.022073123476170152, -0.24873103964930454, -0.16063383070991749,
       0.88433632614449464, 0.43834465286200958, 0.03953805555948544,
       0.10247972862766697, -0.42676827751498786, 0.8985358882800899,
       0.50855692302187849, 0., 0., 0., 1. ]
rvec_7: !!opencv-matrix
   rows: 3
   cols: 1
   dt: d
   data: [ -0.45037243879639555, -0.064841444152969524,
       -0.18215084686797126 ]
tvec_7: !!opencv-matrix
   rows: 3
   cols: 1
   dt: d
   data: [ -0.24873103964930454, 0.03953805555948544,
       0.50855692302187849 ]
image_7: "calib_07_20251228_161730.jpg"
T_target_cam_8: !!opencv-matrix
   rows: 4
   cols: 4
   dt: d
   data: [ 0.96614063031924391, 0.25367452876833585,
       0.047132959810485819, -0.34712502426652109, -0.24870585478865459,
       0.86697938516434436, 0.43184736133719737, 0.034902494174831329,
       0.068685371369592088, -0.42894752494240829, 0.90071435017190837,
       0.54959171659211459, 0., 0., 0., 1. ]
rvec_8: !!opencv-matrix
   rows: 3
   cols: 1
   dt: d
   data: [ -0.45056826817458107, -0.011281238894370047,
       -0.26296236535799911 ]
tvec_8: !!opencv-matrix
   rows: 3
   cols: 1
   dt: d
   data: [ -0.34712502426652109, 0.034902494174831329,
       0.54959171659211459 ]
image_8: "calib_08_20251228_161732.jpg"
T_target_cam_9: !!opencv-matrix
   rows: 4
   cols: 4
   dt: d
   data: [ 0.61308609946281001, 0.78063854979791703, -0.1213626351678409,
       -0.22808775596801584, -0.69677211459731703, 0.60670794556550534,
       0.38264094018709899, 0.055113154082603824, 0.37233594369206519,
       -0.15002974157509169, 0.91589138093872813, 0.45901780696622585,
       0., 0., 0., 1. ]
rvec_9: !!opencv-matrix
   rows: 3
   cols: 1
   dt: d
   data: [ -0.31285588413433091, -0.2899662224211455,
       -0.86773429712659778 ]
tvec_9: !!opencv-matrix
   rows: 3
   cols: 1
   dt: d
   data: [ -0.22808775596801584, 0.055113154082603824,
       0.45901780696622585 ]
image_9: "calib_09_20251228_161735.jpg"
T_target_cam_10: !!opencv-matrix
   rows: 4
   cols: 4
   dt: d
   data: [ 0.95190316113998719, -0.30599522234960375,
       -0.015725638648911987, -0.13266936930408116, 0.28240674523099429,
       0.85629966479877406, 0.43243186089087304, -0.04701823788159061,
       -0.11885622432054566, -0.41607428178718719, 0.90152947260505045,
       0.52983760875084362, 0., 0., 0., 1. ]
rvec_10: !!opencv-matrix
   rows: 3
   cols: 1
   dt: d
   data: [ -0.44604831623241825, 0.054214367789614366,
       0.30931503463110283 ]
tvec_10: !!opencv-matrix
   rows: 3
   cols: 1
   dt: d
   data: [ -0.13266936930408116, -0.04701823788159061,
       0.52983760875084362 ]
image_10: "calib_10_20251228_161735.jpg"
T_target_cam_11: !!opencv-matrix
   rows: 4
   cols: 4
   dt: d
   data: [ 0.26227491956137133, -0.96239307147460029,
       0.070791542904230814, -0.0063723857644563259, 0.82907362965883569,
       0.26226617888886866, 0.49381511521555915, -0.034678141069122349,
       -0.49381047292802549, -0.07082391819659023, 0.86668055789770826,
       0.53301874906892177, 0., 0., 0., 1. ]
rvec_11: !!opencv-matrix
   rows: 3
   cols: 1
   dt: d
   data: [ -0.39552421072379057, 0.39549828026520784, 1.2549051891114065 ]
tvec_11: !!opencv-matrix
   rows: 3
   cols: 1
   dt: d
   data: [ -0.0063723857644563259, -0.034678141069122349,
       0.53301874906892177 ]
image_11: "calib_11_20251228_161736.jpg"
T_target_cam_12: !!opencv-matrix
   rows: 4
   cols: 4
   dt: d
   data: [ -0.015595488597252884, -0.98725724122686975,
       0.15836641178142211, 0.023742104774646468, 0.81360938791827542,
       0.079535378334663551, 0.57594608036205153, -0.17612532612926932,
       -0.58120267087020672, 0.13783055988521511, 0.80200136666658206,
       0.56943839888136905, 0., 0., 0., 1. ]
rvec_12: !!opencv-matrix
   rows: 3
   cols: 1
   dt: d
   data: [ -0.35959818203074156, 0.60702642380305694, 1.4781224030036675 ]
tvec_12: !!opencv-matrix
   rows: 3
   cols: 1
   dt: d
   data: [ 0.023742104774646468, -0.17612532612926932,
       0.56943839888136905 ]
image_12: "calib_12_20251228_161738.jpg"
T_target_cam_13: !!opencv-matrix
   rows: 4
   cols: 4
   dt: d
   data: [ 0.26993368259624984, -0.96281889246125618,
       -0.010751154343005748, 0.11169353884428394, 0.83309084409723289,
       0.22793571795305567, 0.50398904151041313, -0.19041707737903865,
       -0.48279959867566891, -0.14500030620969431, 0.86364313157559935,
       0.61014158847714217, 0., 0., 0., 1. ]
rvec_13: !!opencv-matrix
   rows: 3
   cols: 1
   dt: d
   data: [ -0.45828531731121386, 0.33333809230803929, 1.2681857820507116 ]
tvec_13: !!opencv-matrix
   rows: 3
   cols: 1
   dt: d
   data: [ 0.11169353884428394, -0.19041707737903865,
       0.61014158847714217 ]
image_13: "calib_13_20251228_161739.jpg"
T_target_cam_14: !!opencv-matrix
   rows: 4
   cols: 4
   dt: d
   data: [ 0.31479670703867074, -0.92343075209119585,
       -0.2194964221346169, 0.092877997143279503, 0.94843132885986325,
       0.29697456401462957, 0.11083376184825056, -0.12085512154931781,
       -0.037162449794427566, -0.24306738658365773, 0.96929727014196621,
       0.51801037433317199, 0., 0., 0., 1. ]
rvec_14: !!opencv-matrix
   rows: 3
   cols: 1
   dt: d
   data: [ -0.23596955541544001, -0.1215742491395837, 1.2480955910942084 ]
tvec_14: !!opencv-matrix
   rows: 3
   cols: 1
   dt: d
   data: [ 0.092877997143279503, -0.12085512154931781,
       0.51801037433317199 ]
image_14: "calib_14_20251228_161741.jpg"
T_target_cam_15: !!opencv-matrix
   rows: 4
   cols: 4
   dt: d
   data: [ 0.31650254096008862, -0.91057985051898493,
       -0.26583919461702837, 0.12177578319272513, 0.9431284968224064,
       0.332103783538163, -0.01468725437734679, -0.076048065999419767,
       0.10166012024051195, -0.2460719666854797, 0.96390549700902972,
       0.42560729530303371, 0., 0., 0., 1. ]
rvec_15: !!opencv-matrix
   rows: 3
   cols: 1
   dt: d
   data: [ -0.15307436238035071, -0.2431220400685756, 1.2263352253391007 ]
tvec_15: !!opencv-matrix
   rows: 3
   cols: 1
   dt: d
   data: [ 0.12177578319272513, -0.076048065999419767,
       0.42560729530303371 ]
image_15: "calib_15_20251228_161742.jpg"
T_target_cam_16: !!opencv-matrix
   rows: 4
   cols: 4
   dt: d
   data: [ 0.40250206199701599, -0.90055492713063301,
       -0.16429520172205492, 0.06896725747541331, 0.90819563273030979,
       0.41534403795787195, -0.051672263569948758, -0.065569231295912939,
       0.11477274405425146, -0.12841399204755791, 0.98505688357001353,
       0.34694546949094823, 0., 0., 0., 1. ]
rvec_16: !!opencv-matrix
   rows: 3
   cols: 1
   dt: d
   data: [ -0.048501716817042295, -0.17637437606979753,
       1.143152613152808 ]
tvec_16: !!opencv-matrix
   rows: 3
   cols: 1
   dt: d
   data: [ 0.06896725747541331, -0.065569231295912939,
       0.34694546949094823 ]
image_16: "calib_16_20251228_161743.jpg"
T_target_cam_17: !!opencv-matrix
   rows: 4
   cols: 4
   dt: d
   data: [ 0.42183020591366421, -0.89058329246982348,
       -0.17006080251617189, 0.082169968498853524, 0.90576517345170371,
       0.4223278297841444, 0.035052171855960768, -0.12883452876815399,
       0.040604531038305219, -0.16882121716011744, 0.9848099657780357,
       0.39724577759238539, 0., 0., 0., 1. ]
rvec_17: !!opencv-matrix
   rows: 3
   cols: 1
   dt: d
   data: [ -0.12807611738394789, -0.13234291203607701, 1.128491256726478 ]
tvec_17: !!opencv-matrix
   rows: 3
   cols: 1
   dt: d
   data: [ 0.082169968498853524, -0.12883452876815399,
       0.39724577759238539 ]
image_17: "calib_17_20251228_161744.jpg"
T_target_cam_18: !!opencv-matrix
   rows: 4
   cols: 4
   dt: d
   data: [ 0.55274510809065269, -0.81957857341181206,
       -0.15087679571793586, 0.050257350718488573, 0.82346363706501158,
       0.50935574165606101, 0.24992872358667956, -0.21940245475246295,
       -0.1279862645502067, -0.26238843428448427, 0.95643704740051838,
       0.49499627354879083, 0., 0., 0., 1. ]
rvec_18: !!opencv-matrix
   rows: 3
   cols: 1
   dt: d
   data: [ -0.30850120894152672, -0.013783954782818368,
       0.9893881172754464 ]
tvec_18: !!opencv-matrix
   rows: 3
   cols: 1
   dt: d
   data: [ 0.050257350718488573, -0.21940245475246295,
       0.49499627354879083 ]
image_18: "calib_18_20251228_161746.jpg"
T_target_cam_19: !!opencv-matrix
   rows: 4
   cols: 4
   dt: d
   data: [ 0.62038655655392239, -0.67641749653880034,
       0.39696333687552193, 0.13210193818023411, 0.48450139407997539,
       0.72854491951347022, 0.4842320718267964, -0.22854265392293621,
       -0.61674866808265394, -0.10808177749876866, 0.7797046939649519,
       0.70746085298337491, 0., 0., 0., 1. ]
rvec_19: !!opencv-matrix
   rows: 3
   cols: 1
   dt: d
   data: [ -0.34840027287778036, 0.59626756921023194,
       0.68285497416799001 ]
tvec_19: !!opencv-matrix
   rows: 3
   cols: 1
   dt: d
   data: [ 0.13210193818023411, -0.22854265392293621,
       0.70746085298337491 ]
image_19: "calib_19_20251228_161751.jpg"
T_target_cam_20: !!opencv-matrix
   rows: 4
   cols: 4
   dt: d
   data: [ 0.69339577034826061, -0.71965096584719834,
       0.036121918807513087, 0.10126127806845228, 0.65510004891775186,
       0.65049057481448513, 0.384325302296739, -0.15186128869068646,
       -0.30007704272586605, -0.24282606827257061, 0.9224907961579798,
       0.64700131705217034, 0., 0., 0., 1. ]
rvec_20: !!opencv-matrix
   rows: 3
   cols: 1
   dt: d
   data: [ -0.35859980228182814, 0.19223569745814964,
       0.78607089965208243 ]
tvec_20: !!opencv-matrix
   rows: 3
   cols: 1
   dt: d
   data: [ 0.10126127806845228, -0.15186128869068646,
       0.64700131705217034 ]
image_20: "calib_20_20251228_161754.jpg"
T_target_cam_21: !!opencv-matrix
   rows: 4
   cols: 4
   dt: d
   data: [ 0.51890709791553347, -0.85327942458645412,
       0.051474724965643204, 0.10923992162265561, 0.81081350363793447,
       0.51036800834097795, 0.28654137289480675, 0.12929966920463634,
       -0.2707709106445082, -0.10695195014338463, 0.95668406190825128,
       0.69241661358233486, 0., 0., 0., 1. ]
rvec_21: !!opencv-matrix
   rows: 3
   cols: 1
   dt: d
   data: [ -0.23863688725932933, 0.19542820910190378, 1.0092012576873837 ]
tvec_21: !!opencv-matrix
   rows: 3
   cols: 1
   dt: d
   data: [ 0.10923992162265561, 0.12929966920463634, 0.69241661358233486 ]
image_21: "calib_21_20251228_161757.jpg"
T_target_cam_22: !!opencv-matrix
   rows: 4
   cols: 4
   dt: d
   data: [ 0.98704334014505202, -0.16042576659174113,
       -0.00300301327859228, 0.0069542016308397547, 0.13801958914635554,
       0.83934377844570107, 0.52578761358210524, 0.012114743987260866,
       -0.081829320461375116, -0.51938963697588936, 0.85061058500049447,
       0.78845032742151766, 0., 0., 0., 1. ]
rvec_22: !!opencv-matrix
   rows: 3
   cols: 1
   dt: d
   data: [ -0.55267444647917108, 0.041682198561998146,
       0.15781353995102054 ]
tvec_22: !!opencv-matrix
   rows: 3
   cols: 1
   dt: d
   data: [ 0.0069542016308397547, 0.012114743987260866,
       0.78845032742151766 ]
image_22: "calib_22_20251228_161758.jpg"
T_target_cam_23: !!opencv-matrix
   rows: 4
   cols: 4
   dt: d
   data: [ 0.9929609655262488, -0.091280146200318643,
       -0.07547486900172834, 0.096617996377706503, 0.11769985350571684,
       0.831679294602644, 0.54263827308252155, -0.0012126218947173621,
       0.013238784910723361, -0.54770200459638352, 0.8365687352125889,
       0.80986860286521922, 0., 0., 0., 1. ]
rvec_23: !!opencv-matrix
   rows: 3
   cols: 1
   dt: d
   data: [ -0.57820284947648093, -0.047044476416889448,
       0.11082121222821413 ]
tvec_23: !!opencv-matrix
   rows: 3
   cols: 1
   dt: d
   data: [ 0.096617996377706503, -0.0012126218947173621,
       0.80986860286521922 ]
image_23: "calib_23_20251228_161800.jpg"
T_target_cam_24: !!opencv-matrix
   rows: 4
   cols: 4
   dt: d
   data: [ 0.99315154674400108, -0.052529626827084647,
       -0.10435824598662843, 0.15501192522533735, 0.09668193692821675,
       0.87100245474464855, 0.4816713889163492, -0.081003800293360906,
       0.065594270114139847, -0.48846224228102197, 0.87011610121522831,
       0.7233528264702771, 0., 0., 0., 1. ]
rvec_24: !!opencv-matrix
   rows: 3
   cols: 1
   dt: d
   data: [ -0.50776043040270424, -0.088951830911005808,
       0.078096177059589489 ]
tvec_24: !!opencv-matrix
   rows: 3
   cols: 1
   dt: d
   data: [ 0.15501192522533735, -0.081003800293360906,
       0.7233528264702771 ]
image_24: "calib_24_20251228_161802.jpg"
T_target_cam_25: !!opencv-matrix
   rows: 4
   cols: 4
   dt: d
   data: [ 0.99981187540476402, -0.018651860127881729,
       0.0053218336481592275, 0.18412104186905029, 0.015102389101362256,
       0.92076990549867732, 0.38981367211962675, -0.17430839984868046,
       -0.012170934353606484, -0.38965996617785453, 0.92087837368201531,
       0.62780597161477691, 0., 0., 0., 1. ]
rvec_25: !!opencv-matrix
   rows: 3
   cols: 1
   dt: d
   data: [ -0.40037298665651566, 0.0089850784242732455,
       0.017337712158910959 ]
tvec_25: !!opencv-matrix
   rows: 3
   cols: 1
   dt: d
   data: [ 0.18412104186905029, -0.17430839984868046,
       0.62780597161477691 ]
image_25: "calib_25_20251228_161803.jpg"
T_target_cam_26: !!opencv-matrix
   rows: 4
   cols: 4
   dt: d
   data: [ 0.18317523982874528, -0.97221936796478248,
       0.14572690920979667, 0.096850571384507644, 0.78013713547935815,
       0.23395439082079167, 0.58021667751085348, -0.009717545406970212,
       -0.59819134176260291, 0.007405644457502969, 0.80131908442918409,
       0.63208708806655245, 0., 0., 0., 1. ]
rvec_26: !!opencv-matrix
   rows: 3
   cols: 1
   dt: d
   data: [ -0.42105888247466688, 0.5468354646335406, 1.2881128827151676 ]
tvec_26: !!opencv-matrix
   rows: 3
   cols: 1
   dt: d
   data: [ 0.096850571384507644, -0.009717545406970212,
       0.63208708806655245 ]
image_26: "calib_26_20251228_161806.jpg"
T_target_cam_27: !!opencv-matrix
   rows: 4
   cols: 4
   dt: d
   data: [ -0.80768116754733776, -0.57053294421903644,
       0.14880622013251729, 0.19312060947478268, 0.57240943349401252,
       -0.69819312229336972, 0.42996953895514417, 0.21998295272462925,
       -0.14141630753358339, 0.43245638339952092, 0.89049587557751975,
       0.60619369171284043, 0., 0., 0., 1. ]
rvec_27: !!opencv-matrix
   rows: 3
   cols: 1
   dt: d
   data: [ 0.0052954741487155439, 0.61799840199329603, 2.433775794998652 ]
tvec_27: !!opencv-matrix
   rows: 3
   cols: 1
   dt: d
   data: [ 0.19312060947478268, 0.21998295272462925, 0.60619369171284043 ]
image_27: "calib_27_20251228_161811.jpg"
T_target_cam_28: !!opencv-matrix
   rows: 4
   cols: 4
   dt: d
   data: [ -0.88666184599120368, -0.44894624028369218,
       0.11080633645513385, 0.25525300750431701, 0.43655664446397552,
       -0.73367322023765802, 0.52071287873496952, 0.22354851915162482,
       -0.15247644748558722, 0.51006948471874147, 0.84651051601319915,
       0.62422748401457417, 0., 0., 0., 1. ]
rvec_28: !!opencv-matrix
   rows: 3
   cols: 1
   dt: d
   data: [ -0.030660479697636987, 0.75844006521263474,
       2.5508726989350365 ]
tvec_28: !!opencv-matrix
   rows: 3
   cols: 1
   dt: d
   data: [ 0.25525300750431701, 0.22354851915162482, 0.62422748401457417 ]
image_28: "calib_28_20251228_161816.jpg"
T_target_cam_29: !!opencv-matrix
   rows: 4
   cols: 4
   dt: d
   data: [ 0.37596722679807149, -0.90394976001042782,
       0.20377309869277932, 0.0087854321935992748, 0.65126896635507991,
       0.41420580346330105, 0.63583196352503935, 0.089788105387123465,
       -0.65916415090366764, -0.10634088467946362, 0.74444223309067814,
       1.0069268714304824, 0., 0., 0., 1. ]
rvec_29: !!opencv-matrix
   rows: 3
   cols: 1
   dt: d
   data: [ -0.50070605353592235, 0.5821796172412963, 1.0492265147499267 ]
tvec_29: !!opencv-matrix
   rows: 3
   cols: 1
   dt: d
   data: [ 0.0087854321935992748, 0.089788105387123465,
       1.0069268714304824 ]
image_29: "calib_29_20251228_161819.jpg"
