%YAML:1.0
---
K: !!opencv-matrix
   rows: 3
   cols: 3
   dt: d
   data: [ 667.00858455732271, 0., 663.9436832829831, 0.,
       659.89971601511945, 376.20640963720126, 0., 0., 1. ]
distCoeffs: !!opencv-matrix
   rows: 1
   cols: 5
   dt: d
   data: [ -0.2918306585265108, 0.11818956049890207,
       -0.005161589766537817, -0.013979009944965358,
       -0.022262294885008575 ]
image_width: 1280
image_height: 720
board_size_cols: 11
board_size_rows: 8
square_size: 0.020729999999999998
calibration_date: "2025-12-28 16:14:53"
mean_reprojection_error: 0.071930210363522484
