%YAML:1.0
---
num_images: 3
board_size_cols: 11
board_size_rows: 8
square_size: 0.020729999999999998
T_target_cam_0: !!opencv-matrix
   rows: 4
   cols: 4
   dt: d
   data: [ -0.21057420125384885, 0.87769832949016136,
       0.43046968322575735, 0.12884967727613547, -0.9745794212341653,
       -0.15401741175186265, -0.16270706371924018, 0.11565351292870009,
       -0.076507891574550901, -0.45378880471805116, 0.88781882343154872,
       0.52992864794850325, 0., 0., 0., 1. ]
rvec_0: !!opencv-matrix
   rows: 3
   cols: 1
   dt: d
   data: [ -0.27147381957100686, 0.47282642393034113,
       -1.7275041511366402 ]
tvec_0: !!opencv-matrix
   rows: 3
   cols: 1
   dt: d
   data: [ 0.12884967727613547, 0.11565351292870009, 0.52992864794850325 ]
image_0: "calib_00_20251228_161403.jpg"
T_target_cam_1: !!opencv-matrix
   rows: 4
   cols: 4
   dt: d
   data: [ -0.059658606535004099, 0.8570705792364296,
       0.51173320477924089, 0.23472015901336699, -0.92823640373288707,
       -0.2361989355432183, 0.28737996038918057, -0.0017281028626404524,
       0.36717574736267372, -0.45786470169208449, 0.80965541157524579,
       0.45611389025265464, 0., 0., 0., 1. ]
rvec_1: !!opencv-matrix
   rows: 3
   cols: 1
   dt: d
   data: [ -0.69774724950207523, 0.13534423450378819, -1.671522253382947 ]
tvec_1: !!opencv-matrix
   rows: 3
   cols: 1
   dt: d
   data: [ 0.23472015901336699, -0.0017281028626404524,
       0.45611389025265464 ]
image_1: "calib_01_20251228_161409.jpg"
T_target_cam_2: !!opencv-matrix
   rows: 4
   cols: 4
   dt: d
   data: [ -0.16327996645665391, 0.85670095071936003,
       0.48928839511116429, 0.14503698893857422, -0.98618300738447695,
       -0.15579177649780515, -0.056320496462359287, 0.16074178014101945,
       0.027977285429838822, -0.49172390974224833, 0.87030159605034341,
       0.2824898131469365, 0., 0., 0., 1. ]
rvec_2: !!opencv-matrix
   rows: 3
   cols: 1
   dt: d
   data: [ -0.40147082568885561, 0.42535944012949323,
       -1.6992612408233219 ]
tvec_2: !!opencv-matrix
   rows: 3
   cols: 1
   dt: d
   data: [ 0.14503698893857422, 0.16074178014101945, 0.2824898131469365 ]
image_2: "calib_02_20251228_161415.jpg"
