%YAML:1.0
---
K: !!opencv-matrix
   rows: 3
   cols: 3
   dt: d
   data: [ 618.15156547768777, 0., 615.04885901011801, 0.,
       617.25923418029492, 337.8720925079835, 0., 0., 1. ]
distCoeffs: !!opencv-matrix
   rows: 1
   cols: 5
   dt: d
   data: [ -0.32430506894239158, 0.12693042365076568,
       0.0048793262290805581, -0.0026511874309672386,
       -0.026165563940906817 ]
image_width: 1280
image_height: 720
board_size_cols: 5
board_size_rows: 5
square_size: 0.013679999999999999
calibration_date: "2025-12-28 15:52:36"
mean_reprojection_error: 0.10129393574788535
