======================================================================
相机标定报告
生成时间: 2025-12-28 15:52:36
======================================================================

棋盘格参数:
  内角点: 5 × 5
  方格大小: 13.7 mm

内参矩阵 K:
  [[618.151565, 0.000000, 615.048859],
   [0.000000, 617.259234, 337.872093],
   [0.000000, 0.000000, 1.000000]]

畸变系数:
  k1=-0.32430507
  k2=0.12693042
  p1=0.00487933
  p2=-0.00265119
  k3=-0.02616556

重投影误差:
  calib_00_20251228_155116.jpg: 0.0567 px
  calib_01_20251228_155123.jpg: 0.0571 px
  calib_02_20251228_155128.jpg: 0.0545 px
  calib_03_20251228_155155.jpg: 0.0656 px
  calib_04_20251228_155156.jpg: 0.0703 px
  calib_05_20251228_155158.jpg: 0.1241 px
  calib_06_20251228_155201.jpg: 0.0658 px
  calib_07_20251228_155205.jpg: 0.0894 px
  calib_08_20251228_155206.jpg: 0.8944 px
  calib_09_20251228_155208.jpg: 0.0499 px
  calib_10_20251228_155209.jpg: 0.0546 px
  calib_11_20251228_155210.jpg: 0.0787 px
  calib_12_20251228_155211.jpg: 0.0494 px
  calib_13_20251228_155211.jpg: 0.0607 px
  calib_14_20251228_155214.jpg: 0.0545 px
  calib_15_20251228_155215.jpg: 0.0627 px
  calib_16_20251228_155216.jpg: 0.1544 px
  calib_17_20251228_155218.jpg: 0.0691 px
  calib_18_20251228_155219.jpg: 0.1426 px
  calib_19_20251228_155220.jpg: 0.0877 px
  calib_20_20251228_155221.jpg: 0.0565 px
  calib_21_20251228_155222.jpg: 0.1108 px
  calib_22_20251228_155224.jpg: 0.0905 px
  calib_23_20251228_155225.jpg: 0.0710 px
  calib_24_20251228_155226.jpg: 0.0410 px
  calib_25_20251228_155226.jpg: 0.0792 px
  calib_26_20251228_155231.jpg: 0.0929 px
  calib_27_20251228_155232.jpg: 0.0374 px
  calib_28_20251228_155233.jpg: 0.0645 px
  calib_29_20251228_155234.jpg: 0.0527 px

  平均: 0.1013 px
  标准差: 0.1498 px
