%YAML:1.0
---
num_images: 30
board_size_cols: 5
board_size_rows: 5
square_size: 0.013679999999999999
T_target_cam_0: !!opencv-matrix
   rows: 4
   cols: 4
   dt: d
   data: [ 0.97754767097313189, 0.11508836532142097,
       -0.17650841096856706, 0.12947279351551477, -0.18979646085411334,
       0.84478353330512812, -0.50031798418981144, -0.14434543190370633,
       0.091530620134785787, 0.52258535190353983, 0.84765953988237219,
       0.33703585115751522, 0., 0., 0., 1. ]
rvec_0: !!opencv-matrix
   rows: 3
   cols: 1
   dt: d
   data: [ 0.54158067999802328, -0.14191444646702889,
       -0.16142261507509248 ]
tvec_0: !!opencv-matrix
   rows: 3
   cols: 1
   dt: d
   data: [ 0.12947279351551477, -0.14434543190370633,
       0.33703585115751522 ]
image_0: "calib_00_20251228_155116.jpg"
T_target_cam_1: !!opencv-matrix
   rows: 4
   cols: 4
   dt: d
   data: [ 0.98390561219671302, 0.027953168649434278,
       -0.17648899866639747, 0.042370670023844086, -0.11470971324535698,
       0.85611234536115499, -0.50389813832498953, -0.096844405446394999,
       0.13700886093599693, 0.51603320870141556, 0.84554024123180682,
       0.25206376190366631, 0., 0., 0., 1. ]
rvec_1: !!opencv-matrix
   rows: 3
   cols: 1
   dt: d
   data: [ 0.5384939385365175, -0.16551770629684454,
       -0.075321831590403412 ]
tvec_1: !!opencv-matrix
   rows: 3
   cols: 1
   dt: d
   data: [ 0.042370670023844086, -0.096844405446394999,
       0.25206376190366631 ]
image_1: "calib_01_20251228_155123.jpg"
T_target_cam_2: !!opencv-matrix
   rows: 4
   cols: 4
   dt: d
   data: [ 0.097665578476962889, -0.99007312785953694,
       -0.10107737764303742, 0.019928892300448305, 0.89122350798051064,
       0.13220853051521525, -0.43386814043199823, -0.012120388093430414,
       0.44292447844262678, -0.047708552162483375, 0.89528866878057101,
       0.30823566809478892, 0., 0., 0., 1. ]
rvec_2: !!opencv-matrix
   rows: 3
   cols: 1
   dt: d
   data: [ 0.29176983723563782, -0.41103040770599825, 1.4214475825676054 ]
tvec_2: !!opencv-matrix
   rows: 3
   cols: 1
   dt: d
   data: [ 0.019928892300448305, -0.012120388093430414,
       0.30823566809478892 ]
image_2: "calib_02_20251228_155128.jpg"
T_target_cam_3: !!opencv-matrix
   rows: 4
   cols: 4
   dt: d
   data: [ 0.20387663789329705, -0.95887186484697673,
       -0.1974818050510137, -0.15691226922989493, 0.93029597848947798,
       0.25258236325854477, -0.26599162050153624, -0.11680585882993243,
       0.3049323022043256, -0.12948705176815814, 0.94353028276614426,
       0.20448361551522123, 0., 0., 0., 1. ]
rvec_3: !!opencv-matrix
   rows: 3
   cols: 1
   dt: d
   data: [ 0.095394937549189471, -0.35110738658914642,
       1.3202272283429546 ]
tvec_3: !!opencv-matrix
   rows: 3
   cols: 1
   dt: d
   data: [ -0.15691226922989493, -0.11680585882993243,
       0.20448361551522123 ]
image_3: "calib_03_20251228_155155.jpg"
T_target_cam_4: !!opencv-matrix
   rows: 4
   cols: 4
   dt: d
   data: [ 0.28273532501080822, -0.94674284091486161,
       -0.15407377832548247, -0.16552387609467289, 0.89085049335334088,
       0.31872707310759391, -0.3237258892340491, -0.012866520879497896,
       0.35559265245944266, -0.045727956927067631, 0.93352172951256707,
       0.25706686177509835, 0., 0., 0., 1. ]
rvec_4: !!opencv-matrix
   rows: 3
   cols: 1
   dt: d
   data: [ 0.18753333468709937, -0.34381351166894419, 1.2396135572460418 ]
tvec_4: !!opencv-matrix
   rows: 3
   cols: 1
   dt: d
   data: [ -0.16552387609467289, -0.012866520879497896,
       0.25706686177509835 ]
image_4: "calib_04_20251228_155156.jpg"
T_target_cam_5: !!opencv-matrix
   rows: 4
   cols: 4
   dt: d
   data: [ 0.37933144248993966, -0.91300975979593713,
       -0.15006943478226079, -0.16086065550331088, 0.83094262354017367,
       0.40749557330919456, -0.37878980202426826, 0.074582107610453224,
       0.40699141652211179, 0.018987792151181487, 0.91323460875426132,
       0.29139263055480974, 0., 0., 0., 1. ]
rvec_5: !!opencv-matrix
   rows: 3
   cols: 1
   dt: d
   data: [ 0.25758570175683732, -0.36073150525720099, 1.1293175007087064 ]
tvec_5: !!opencv-matrix
   rows: 3
   cols: 1
   dt: d
   data: [ -0.16086065550331088, 0.074582107610453224,
       0.29139263055480974 ]
image_5: "calib_05_20251228_155158.jpg"
T_target_cam_6: !!opencv-matrix
   rows: 4
   cols: 4
   dt: d
   data: [ 0.26774009293583351, -0.96159066795433557,
       0.06048660957473239, 0.0008578251775339655, 0.96122656792310557,
       0.26228217568861667, -0.085156006451764563, 0.092181168859666388,
       0.06602066156498726, 0.080941013208264759, 0.99452995159891544,
       0.30825228182031505, 0., 0., 0., 1. ]
rvec_6: !!opencv-matrix
   rows: 3
   cols: 1
   dt: d
   data: [ 0.11234577272881267, -0.0037431577546615312,
       1.3005675154381795 ]
tvec_6: !!opencv-matrix
   rows: 3
   cols: 1
   dt: d
   data: [ 0.0008578251775339655, 0.092181168859666388,
       0.30825228182031505 ]
image_6: "calib_06_20251228_155201.jpg"
T_target_cam_7: !!opencv-matrix
   rows: 4
   cols: 4
   dt: d
   data: [ 0.28915572137427314, -0.92566453982593844,
       0.24399616493985649, 0.23574793483978443, 0.87052597852937708,
       0.14823794012723829, -0.46926541936552696, 0.003213759432129613,
       0.39821286958358632, 0.34809578109432354, 0.84867887783444862,
       0.29243646027584269, 0., 0., 0., 1. ]
rvec_7: !!opencv-matrix
   rows: 3
   cols: 1
   dt: d
   data: [ 0.58935674165915852, -0.11119766207046182, 1.2951397628140326 ]
tvec_7: !!opencv-matrix
   rows: 3
   cols: 1
   dt: d
   data: [ 0.23574793483978443, 0.003213759432129613,
       0.29243646027584269 ]
image_7: "calib_07_20251228_155205.jpg"
T_target_cam_8: !!opencv-matrix
   rows: 4
   cols: 4
   dt: d
   data: [ 0.32741769522234371, -0.92996807503393053,
       0.16720356537159894, 0.23583987340686377, 0.8130386372018048,
       0.18712556486031953, -0.55131859880901768, 0.086114812708899285,
       0.48142063444800609, 0.31645442388026818, 0.81736819753051748,
       0.32920327162859669, 0., 0., 0., 1. ]
rvec_8: !!opencv-matrix
   rows: 3
   cols: 1
   dt: d
   data: [ 0.61777323367480619, -0.22369316602811309, 1.2408577643929759 ]
tvec_8: !!opencv-matrix
   rows: 3
   cols: 1
   dt: d
   data: [ 0.23583987340686377, 0.086114812708899285,
       0.32920327162859669 ]
image_8: "calib_08_20251228_155206.jpg"
T_target_cam_9: !!opencv-matrix
   rows: 4
   cols: 4
   dt: d
   data: [ 0.22229734854998412, -0.948017354681018, 0.22769932817479283,
       0.22394511839426345, 0.96753251685000818, 0.18569033318903347,
       -0.17146407494876151, 0.028560606627305515, 0.12026935464005634,
       0.25842251330669874, 0.95851608591129744, 0.34175508288345197, 0.,
       0., 0., 1. ]
rvec_9: !!opencv-matrix
   rows: 3
   cols: 1
   dt: d
   data: [ 0.30315311668484801, 0.075758891280117646, 1.3508328233185232 ]
tvec_9: !!opencv-matrix
   rows: 3
   cols: 1
   dt: d
   data: [ 0.22394511839426345, 0.028560606627305515,
       0.34175508288345197 ]
image_9: "calib_09_20251228_155208.jpg"
T_target_cam_10: !!opencv-matrix
   rows: 4
   cols: 4
   dt: d
   data: [ 0.25216573470744003, -0.95185573509852917,
       0.17430749209226581, 0.14968148716625543, 0.93915456854481294,
       0.19731196837538362, -0.28117020382187985, -0.044219688913343429,
       0.23324051667937717, 0.23460316855462537, 0.94369497968531491,
       0.37812929639176723, 0., 0., 0., 1. ]
rvec_10: !!opencv-matrix
   rows: 3
   cols: 1
   dt: d
   data: [ 0.36110451199970311, -0.041260332975585665,
       1.3239387480148348 ]
tvec_10: !!opencv-matrix
   rows: 3
   cols: 1
   dt: d
   data: [ 0.14968148716625543, -0.044219688913343429,
       0.37812929639176723 ]
image_10: "calib_10_20251228_155209.jpg"
T_target_cam_11: !!opencv-matrix
   rows: 4
   cols: 4
   dt: d
   data: [ 0.24274116993877337, -0.95479838714396814,
       0.17157145544650648, 0.1034983884609708, 0.9394704573150231,
       0.18728797318564888, -0.28691196373158245, -0.090212599125302717,
       0.24180981007613556, 0.23083165945616882, 0.9424673791403364,
       0.39190654607149694, 0., 0., 0., 1. ]
rvec_11: !!opencv-matrix
   rows: 3
   cols: 1
   dt: d
   data: [ 0.36451530391690673, -0.049451029501445379,
       1.3336523186648734 ]
tvec_11: !!opencv-matrix
   rows: 3
   cols: 1
   dt: d
   data: [ 0.1034983884609708, -0.090212599125302717,
       0.39190654607149694 ]
image_11: "calib_11_20251228_155210.jpg"
T_target_cam_12: !!opencv-matrix
   rows: 4
   cols: 4
   dt: d
   data: [ 0.23029203791262326, -0.93440814738607181,
       0.27174802919723279, 0.047119973838471385, 0.9708637180839631,
       0.20160541508441557, -0.12953338379284213, -0.084247458559121649,
       0.066251174949838634, 0.2936608089397863, 0.95361109007319966,
       0.34837079743266536, 0., 0., 0., 1. ]
rvec_12: !!opencv-matrix
   rows: 3
   cols: 1
   dt: d
   data: [ 0.29690057455512769, 0.14417053717433631, 1.3366825945533809 ]
tvec_12: !!opencv-matrix
   rows: 3
   cols: 1
   dt: d
   data: [ 0.047119973838471385, -0.084247458559121649,
       0.34837079743266536 ]
image_12: "calib_12_20251228_155211.jpg"
T_target_cam_13: !!opencv-matrix
   rows: 4
   cols: 4
   dt: d
   data: [ 0.2091968596313124, -0.9218481047303998, 0.32624031897570033,
       -0.035050741608265823, 0.97467336830879525, 0.16959721892819207,
       -0.14576902428640376, -0.097824445529457363, 0.079047447966295856,
       0.34847217268641784, 0.93398000290864003, 0.37567052200688877, 0.,
       0., 0., 1. ]
rvec_13: !!opencv-matrix
   rows: 3
   cols: 1
   dt: d
   data: [ 0.35372263724250635, 0.17691304321966805, 1.3573182104998762 ]
tvec_13: !!opencv-matrix
   rows: 3
   cols: 1
   dt: d
   data: [ -0.035050741608265823, -0.097824445529457363,
       0.37567052200688877 ]
image_13: "calib_13_20251228_155211.jpg"
T_target_cam_14: !!opencv-matrix
   rows: 4
   cols: 4
   dt: d
   data: [ 0.22634546312086198, -0.97404660641261831,
       0.00096946411190652892, -0.086345910857609356,
       0.96445196555156842, 0.22397631545703792, -0.14023913953674189,
       -0.10316078041466459, 0.13638232095223646, 0.032677494554374964,
       0.99011718694371231, 0.37367619464986968, 0., 0., 0., 1. ]
rvec_14: !!opencv-matrix
   rows: 3
   cols: 1
   dt: d
   data: [ 0.11954606216978511, -0.093617793843316047,
       1.3401826378250985 ]
tvec_14: !!opencv-matrix
   rows: 3
   cols: 1
   dt: d
   data: [ -0.086345910857609356, -0.10316078041466459,
       0.37367619464986968 ]
image_14: "calib_14_20251228_155214.jpg"
T_target_cam_15: !!opencv-matrix
   rows: 4
   cols: 4
   dt: d
   data: [ 0.21765990749978215, -0.96962987940402234,
       0.11154398968177154, -0.15051827558213596, 0.97146026082849302,
       0.20418298142091121, -0.12072394844894747, -0.13125768787675463,
       0.094282163202922875, 0.13463731676251089, 0.98639934440203703,
       0.3989985428204505, 0., 0., 0., 1. ]
rvec_15: !!opencv-matrix
   rows: 3
   cols: 1
   dt: d
   data: [ 0.17806248383623552, 0.012036608981509584, 1.3535151129268423 ]
tvec_15: !!opencv-matrix
   rows: 3
   cols: 1
   dt: d
   data: [ -0.15051827558213596, -0.13125768787675463,
       0.3989985428204505 ]
image_15: "calib_15_20251228_155215.jpg"
T_target_cam_16: !!opencv-matrix
   rows: 4
   cols: 4
   dt: d
   data: [ 0.23996709872797434, -0.95260734966530269,
       0.18696264036359336, -0.15352581864329942, 0.96034627101418857,
       0.20478198488716298, -0.18920723668722728, -0.049919325703000464,
       0.14195362368471379, 0.22495238613831475, 0.96397385477691111,
       0.40627590128750679, 0., 0., 0., 1. ]
rvec_16: !!opencv-matrix
   rows: 3
   cols: 1
   dt: d
   data: [ 0.28875485669947926, 0.031380587206032234, 1.3337240478527654 ]
tvec_16: !!opencv-matrix
   rows: 3
   cols: 1
   dt: d
   data: [ -0.15352581864329942, -0.049919325703000464,
       0.40627590128750679 ]
image_16: "calib_16_20251228_155216.jpg"
T_target_cam_17: !!opencv-matrix
   rows: 4
   cols: 4
   dt: d
   data: [ 0.22320337942686605, -0.97414534745889003,
       -0.034944147387293421, -0.11933807528333668, 0.97235913063111401,
       0.22502850622132306, -0.062288782827280412, -0.050623152388750189,
       0.068541757277812809, -0.020075193946719017, 0.99744624621944977,
       0.23586464666217521, 0., 0., 0., 1. ]
rvec_17: !!opencv-matrix
   rows: 3
   cols: 1
   dt: d
   data: [ 0.029144053962217552, -0.071446159160316519,
       1.3438571097961278 ]
tvec_17: !!opencv-matrix
   rows: 3
   cols: 1
   dt: d
   data: [ -0.11933807528333668, -0.050623152388750189,
       0.23586464666217521 ]
image_17: "calib_17_20251228_155218.jpg"
T_target_cam_18: !!opencv-matrix
   rows: 4
   cols: 4
   dt: d
   data: [ 0.28840495859712234, -0.95750265233100207,
       -0.0033541967276881357, -0.028327504555576807,
       0.95223365989748332, 0.28718158472000233, -0.10381615652658288,
       -0.050562740119658965, 0.10036750876073372, 0.026747115298738876,
       0.99459084804172604, 0.19770561648547486, 0., 0., 0., 1. ]
rvec_18: !!opencv-matrix
   rows: 3
   cols: 1
   dt: d
   data: [ 0.087293897910879589, -0.069347771723752172,
       1.276839377152015 ]
tvec_18: !!opencv-matrix
   rows: 3
   cols: 1
   dt: d
   data: [ -0.028327504555576807, -0.050562740119658965,
       0.19770561648547486 ]
image_18: "calib_18_20251228_155219.jpg"
T_target_cam_19: !!opencv-matrix
   rows: 4
   cols: 4
   dt: d
   data: [ 0.24571593932448685, -0.96730743472926306,
       -0.06276945020770533, 0.034252888262219755, 0.96762202298092415,
       0.24862086792731819, -0.0435348673291968, -0.10347012933651568,
       0.05771739602744444, -0.050039891572219719, 0.99707808693564803,
       0.19194036029395009, 0., 0., 0., 1. ]
rvec_19: !!opencv-matrix
   rows: 3
   cols: 1
   dt: d
   data: [ -0.0044376399141344879, -0.082194503510846006,
       1.3199828120208714 ]
tvec_19: !!opencv-matrix
   rows: 3
   cols: 1
   dt: d
   data: [ 0.034252888262219755, -0.10347012933651568,
       0.19194036029395009 ]
image_19: "calib_19_20251228_155220.jpg"
T_target_cam_20: !!opencv-matrix
   rows: 4
   cols: 4
   dt: d
   data: [ 0.19337235254720961, -0.98017498040154827,
       -0.043175699938533367, 0.056767678533863171, 0.97037942868234595,
       0.19756441223758986, -0.13903980511831654, 0.0075390410142712003,
       0.1448133200381839, -0.015010356825879992, 0.98934513266477353,
       0.22706904283602261, 0., 0., 0., 1. ]
rvec_20: !!opencv-matrix
   rows: 3
   cols: 1
   dt: d
   data: [ 0.087138413179528307, -0.13207399630870345,
       1.3703859717827021 ]
tvec_20: !!opencv-matrix
   rows: 3
   cols: 1
   dt: d
   data: [ 0.056767678533863171, 0.0075390410142712003,
       0.22706904283602261 ]
image_20: "calib_20_20251228_155221.jpg"
T_target_cam_21: !!opencv-matrix
   rows: 4
   cols: 4
   dt: d
   data: [ 0.19957987659121479, -0.97087334853877971,
       -0.13256249076165022, 0.13609497442748644, 0.97663516780037996,
       0.20809308617808597, -0.053675101307808594, -0.020795508913412003,
       0.07969706315391617, -0.11875272031400719, 0.98972024812199522,
       0.20772411355415626, 0., 0., 0., 1. ]
rvec_21: !!opencv-matrix
   rows: 3
   cols: 1
   dt: d
   data: [ -0.045510608825013274, -0.14843907437214388,
       1.3619474655649482 ]
tvec_21: !!opencv-matrix
   rows: 3
   cols: 1
   dt: d
   data: [ 0.13609497442748644, -0.020795508913412003,
       0.20772411355415626 ]
image_21: "calib_21_20251228_155222.jpg"
T_target_cam_22: !!opencv-matrix
   rows: 4
   cols: 4
   dt: d
   data: [ 0.13398643478086714, -0.9868286263230367,
       0.090647104554425068, -0.053598277393389938, 0.99023245975492913,
       0.1297638710706045, -0.051000131494674542, -0.041511052057649968,
       0.038565670516859912, 0.09659503110491742, 0.99457633644855292,
       0.26034148927603057, 0., 0., 0., 1. ]
rvec_22: !!opencv-matrix
   rows: 3
   cols: 1
   dt: d
   data: [ 0.10726081214529473, 0.037848780503164536, 1.4367759350547127 ]
tvec_22: !!opencv-matrix
   rows: 3
   cols: 1
   dt: d
   data: [ -0.053598277393389938, -0.041511052057649968,
       0.26034148927603057 ]
image_22: "calib_22_20251228_155224.jpg"
T_target_cam_23: !!opencv-matrix
   rows: 4
   cols: 4
   dt: d
   data: [ 0.12157224069513525, -0.97573245623536176, 0.1821163478144448,
       -0.096740183027695825, 0.99042561285483743, 0.10715944640424351,
       -0.087028492158922624, -0.062444434433719609, 0.06540103740372688,
       0.19095294419108549, 0.97941802996027816, 0.28068235784758622, 0.,
       0., 0., 1. ]
rvec_23: !!opencv-matrix
   rows: 3
   cols: 1
   dt: d
   data: [ 0.20494740192611674, 0.08605070880905312, 1.4495895601055122 ]
tvec_23: !!opencv-matrix
   rows: 3
   cols: 1
   dt: d
   data: [ -0.096740183027695825, -0.062444434433719609,
       0.28068235784758622 ]
image_23: "calib_23_20251228_155225.jpg"
T_target_cam_24: !!opencv-matrix
   rows: 4
   cols: 4
   dt: d
   data: [ -0.15217670642595474, 0.98652983962003005,
       0.060009378938849667, -0.02956157820644147, -0.9834686786293626,
       -0.14511626673500339, -0.10830802040435743, 0.016129563861029948,
       -0.098140756958381675, -0.075499302435009422, 0.99230451332011116,
       0.25302687820334252, 0., 0., 0., 1. ]
rvec_24: !!opencv-matrix
   rows: 3
   cols: 1
   dt: d
   data: [ 0.028613933507290853, 0.13792972578081869, -1.718122806972022 ]
tvec_24: !!opencv-matrix
   rows: 3
   cols: 1
   dt: d
   data: [ -0.02956157820644147, 0.016129563861029948,
       0.25302687820334252 ]
image_24: "calib_24_20251228_155226.jpg"
T_target_cam_25: !!opencv-matrix
   rows: 4
   cols: 4
   dt: d
   data: [ 0.10359111661829498, -0.99271645873460346,
       0.061505390944233782, 0.021114554841989912, 0.99425602642950606,
       0.10502773244944327, 0.020594400334495215, -0.096912684597502324,
       -0.026904171914112221, 0.059018708677472657, 0.99789426171296303,
       0.2320748041934593, 0., 0., 0., 1. ]
rvec_25: !!opencv-matrix
   rows: 3
   cols: 1
   dt: d
   data: [ 0.028342556044521329, 0.065212702537618031,
       1.4656315610682447 ]
tvec_25: !!opencv-matrix
   rows: 3
   cols: 1
   dt: d
   data: [ 0.021114554841989912, -0.096912684597502324,
       0.2320748041934593 ]
image_25: "calib_25_20251228_155226.jpg"
T_target_cam_26: !!opencv-matrix
   rows: 4
   cols: 4
   dt: d
   data: [ 0.97961109941572533, -0.10970939118042847,
       0.16830312946684539, 0.014297879664344398, 0.11144676444311907,
       0.99377001327929393, -0.00088283748901337063,
       -0.069494789583501151, -0.16715774764178276, 0.019621676627949058,
       0.98573489195099218, 0.19152647660536851, 0., 0., 0., 1. ]
rvec_26: !!opencv-matrix
   rows: 3
   cols: 1
   dt: d
   data: [ 0.010322692202382341, 0.16888278164411194,
       0.11133777226525406 ]
tvec_26: !!opencv-matrix
   rows: 3
   cols: 1
   dt: d
   data: [ 0.014297879664344398, -0.069494789583501151,
       0.19152647660536851 ]
image_26: "calib_26_20251228_155231.jpg"
T_target_cam_27: !!opencv-matrix
   rows: 4
   cols: 4
   dt: d
   data: [ 0.97152587405582547, -0.13147284122951328,
       0.19711004048273026, 0.027097485751966618, 0.15572930998257709,
       0.9813117546601986, -0.11302929787481052, 0.011258301827777123,
       -0.17856611675347253, 0.14050669800675492, 0.97384393501362621,
       0.21645956070896016, 0., 0., 0., 1. ]
rvec_27: !!opencv-matrix
   rows: 3
   cols: 1
   dt: d
   data: [ 0.12834014773529853, 0.19016760658650586, 0.14538198565569158 ]
tvec_27: !!opencv-matrix
   rows: 3
   cols: 1
   dt: d
   data: [ 0.027097485751966618, 0.011258301827777123,
       0.21645956070896016 ]
image_27: "calib_27_20251228_155232.jpg"
T_target_cam_28: !!opencv-matrix
   rows: 4
   cols: 4
   dt: d
   data: [ 0.94249273233047648, -0.19135440272083026,
       0.27402726518284087, -0.064093137571966136, 0.22283976230609015,
       0.97082931423509278, -0.088503575957046887,
       -0.0043082586663366713, -0.24909815302325694, 0.14447814776350723,
       0.95764094261848898, 0.23199391675330588, 0., 0., 0., 1. ]
rvec_28: !!opencv-matrix
   rows: 3
   cols: 1
   dt: d
   data: [ 0.11906262908793264, 0.2673372255973544, 0.21166916208473183 ]
tvec_28: !!opencv-matrix
   rows: 3
   cols: 1
   dt: d
   data: [ -0.064093137571966136, -0.0043082586663366713,
       0.23199391675330588 ]
image_28: "calib_28_20251228_155233.jpg"
T_target_cam_29: !!opencv-matrix
   rows: 4
   cols: 4
   dt: d
   data: [ 0.95973872758212608, -0.13161708331255614,
       0.24815019274491248, 0.040970493472906273, 0.16262894857971608,
       0.98066582130673363, -0.10884104007517373, -0.0099703530841102946,
       -0.22902707233621447, 0.14481536624642141, 0.96258771539845511,
       0.17796415281742747, 0., 0., 0., 1. ]
rvec_29: !!opencv-matrix
   rows: 3
   cols: 1
   dt: d
   data: [ 0.12891938509249068, 0.24252255437373513, 0.14954882491460894 ]
tvec_29: !!opencv-matrix
   rows: 3
   cols: 1
   dt: d
   data: [ 0.040970493472906273, -0.0099703530841102946,
       0.17796415281742747 ]
image_29: "calib_29_20251228_155234.jpg"
