%YAML:1.0
---
num_images: 30
board_size_cols: 5
board_size_rows: 5
square_size: 0.013679999999999999
T_target_cam_0: !!opencv-matrix
   rows: 4
   cols: 4
   dt: d
   data: [ 0.97754767097313189, 0.11508836532142097,
       -0.17650841096856706, 0.12947279351551477, -0.18979646085411334,
       0.84478353330512812, -0.50031798418981144, -0.14434543190370633,
       0.091530620134785787, 0.52258535190353983, 0.84765953988237219,
       0.33703585115751522, 0., 0., 0., 1. ]
rvec_0: !!opencv-matrix
   rows: 3
   cols: 1
   dt: d
   data: [ 0.54158067999802328, -0.14191444646702889,
       -0.16142261507509248 ]
tvec_0: !!opencv-matrix
   rows: 3
   cols: 1
   dt: d
   data: [ 0.12947279351551477, -0.14434543190370633,
       0.33703585115751522 ]
image_0: "calib_00_20251228_155116.jpg"
T_target_cam_1: !!opencv-matrix
   rows: 4
   cols: 4
   dt: d
   data: [ 0.98390561219671302, 0.027953168649434278,
       -0.17648899866639747, 0.042370670023844086, -0.11470971324535698,
       0.85611234536115499, -0.50389813832498953, -0.096844405446394999,
       0.13700886093599693, 0.51603320870141556, 0.84554024123180682,
       0.25206376190366631, 0., 0., 0., 1. ]
rvec_1: !!opencv-matrix
   rows: 3
   cols: 1
   dt: d
   data: [ 0.5384939385365175, -0.16551770629684454,
       -0.075321831590403412 ]
tvec_1: !!opencv-matrix
   rows: 3
   cols: 1
   dt: d
   data: [ 0.042370670023844086, -0.096844405446394999,
       0.25206376190366631 ]
image_1: "calib_01_20251228_155123.jpg"
T_target_cam_2: !!opencv-matrix
   rows: 4
   cols: 4
   dt: d
   data: [ 0.097665578476962889, -0.99007312785953694,
       -0.10107737764303742, 0.019928892300448305, 0.89122350798051064,
       0.13220853051521525, -0.43386814043199823, -0.012120388093430414,
       0.44292447844262678, -0.047708552162483375, 0.89528866878057101,
       0.30823566809478892, 0., 0., 0., 1. ]
rvec_2: !!opencv-matrix
   rows: 3
   cols: 1
   dt: d
   data: [ 0.29176983723563782, -0.41103040770599825, 1.4214475825676054 ]
tvec_2: !!opencv-matrix
   rows: 3
   cols: 1
   dt: d
   data: [ 0.019928892300448305, -0.012120388093430414,
       0.30823566809478892 ]
image_2: "calib_02_20251228_155128.jpg"
T_target_cam_3: !!opencv-matrix
   rows: 4
   cols: 4
   dt: d
   data: [ 0.20387663789329705, -0.95887186484697673,
       -0.1974818050510137, -0.15691226922989493, 0.93029597848947798,
       0.25258236325854477, -0.26599162050153624, -0.11680585882993243,
       0.3049323022043256, -0.12948705176815814, 0.94353028276614426,
       0.20448361551522123, 0., 0., 0., 1. ]
rvec_3: !!opencv-matrix
   rows: 3
   cols: 1
   dt: d
   data: [ 0.095394937549189471, -0.35110738658914642,
       1.3202272283429546 ]
tvec_3: !!opencv-matrix
   rows: 3
   cols: 1
   dt: d
   data: [ -0.15691226922989493, -0.11680585882993243,
       0.20448361551522123 ]
image_3: "calib_03_20251228_155155.jpg"
T_target_cam_4: !!opencv-matrix
   rows: 4
   cols: 4
   dt: d
   data: [ 0.28273532501080822, -0.94674284091486161,
       -0.15407377832548247, -0.16552387609467289, 0.89085049335334088,
       0.31872707310759391, -0.3237258892340491, -0.012866520879497896,
       0.35559265245944266, -0.045727956927067631, 0.93352172951256707,
       0.25706686177509835, 0., 0., 0., 1. ]
rvec_4: !!opencv-matrix
   rows: 3
   cols: 1
   dt: d
   data: [ 0.18753333468709937, -0.34381351166894419, 1.2396135572460418 ]
tvec_4: !!opencv-matrix
   rows: 3
   cols: 1
   dt: d
   data: [ -0.16552387609467289, -0.012866520879497896,
       0.25706686177509835 ]
image_4: "calib_04_20251228_155156.jpg"
T_target_cam_5: !!opencv-matrix
   rows: 4
   cols: 4
   dt: d
   data: [ 0.37933144248993966, -0.91300975979593713,
       -0.15006943478226079, -0.16086065550331088, 0.83094262354017367,
       0.40749557330919456, -0.37878980202426826, 0.074582107610453224,
       0.40699141652211179, 0.018987792151181487, 0.91323460875426132,
       0.29139263055480974, 0., 0., 0., 1. ]
rvec_5: !!opencv-matrix
   rows: 3
   cols: 1
   dt: d
   data: [ 0.25758570175683732, -0.36073150525720099, 1.1293175007087064 ]
tvec_5: !!opencv-matrix
   rows: 3
   cols: 1
   dt: d
   data: [ -0.16086065550331088, 0.074582107610453224,
       0.29139263055480974 ]
image_5: "calib_05_20251228_155158.jpg"
T_target_cam_6: !!opencv-matrix
   rows: 4
   cols: 4
   dt: d
   data: [ 0.26774009293583351, -0.96159066795433557,
       0.06048660957473239, 0.0008578251775339655, 0.96122656792310557,
       0.26228217568861667, -0.085156006451764563, 0.092181168859666388,
       0.06602066156498726, 0.080941013208264759, 0.99452995159891544,
       0.30825228182031505, 0., 0., 0., 1. ]
rvec_6: !!opencv-matrix
   rows: 3
   cols: 1
   dt: d
   data: [ 0.11234577272881267, -0.0037431577546615312,
       1.3005675154381795 ]
tvec_6: !!opencv-matrix
   rows: 3
   cols: 1
   dt: d
   data: [ 0.0008578251775339655, 0.092181168859666388,
       0.30825228182031505 ]
image_6: "calib_06_20251228_155201.jpg"
T_target_cam_7: !!opencv-matrix
   rows: 4
   cols: 4
   dt: d
   data: [ 0.28915572137427314, -0.92566453982593844,
       0.24399616493985649, 0.23574793483978443, 0.87052597852937708,
       0.14823794012723829, -0.46926541936552696, 0.003213759432129613,
       0.39821286958358632, 0.34809578109432354, 0.84867887783444862,
       0.29243646027584269, 0., 0., 0., 1. ]
rvec_7: !!opencv-matrix
   rows: 3
   cols: 1
   dt: d
   data: [ 0.58935674165915852, -0.11119766207046182, 1.2951397628140326 ]
tvec_7: !!opencv-matrix
   rows: 3
   cols: 1
   dt: d
   data: [ 0.23574793483978443, 0.003213759432129613,
       0.29243646027584269 ]
image_7: "calib_07_20251228_155205.jpg"
T_target_cam_8: !!opencv-matrix
   rows: 4
   cols: 4
   dt: d
   data: [ 0.32741769522234371, -0.92996807503393053,
       0.16720356537159894, 0.23583987340686377, 0.8130386372018048,
       0.18712556486031953, -0.55131859880901768, 0.086114812708899285,
       0.48142063444800609, 0.31645442388026818, 0.81736819753051748,
       0.32920327162859669, 0., 0., 0., 1. ]
rvec_8: !!opencv-matrix
   rows: 3
   cols: 1
   dt: d
   data: [ 0.61777323367480619, -0.22369316602811309, 1.2408577643929759 ]
tvec_8: !!opencv-matrix
   rows: 3
   cols: 1
   dt: d
   data: [ 0.23583987340686377, 0.086114812708899285,
       0.32920327162859669 ]
image_8: "calib_08_20251228_155206.jpg"
T_target_cam_9: !!opencv-matrix
   rows: 4
   cols: 4
   dt: d
   data: [ 0.22229734854998412, -0.948017354681018, 0.22769932817479283,
       0.22394511839426345, 0.96753251685000818, 0.18569033318903347,
       -0.17146407494876151, 0.028560606627305515, 0.12026935464005634,
       0.25842251330669874, 0.95851608591129744, 0.34175508288345197, 0.,
       0., 0., 1. ]
rvec_9: !!opencv-matrix
   rows: 3
   cols: 1
   dt: d
   data: [ 0.30315311668484801, 0.075758891280117646, 1.3508328233185232 ]
tvec_9: !!opencv-matrix
   rows: 3
   cols: 1
   dt: d
   data: [ 0.22394511839426345, 0.028560606627305515,
       0.34175508288345197 ]
image_9: "calib_09_20251228_155208.jpg"
T_target_cam_10: !!opencv-matrix
   rows: 4
   cols: 4
   dt: d
   data: [ 0.25216573470744003, -0.95185573509852917,
       0.17430749209226581, 0.14968148716625543, 0.93915456854481294,
       0.19731196837538362, -0.28117020382187985, -0.044219688913343429,
       0.23324051667937717, 0.23460316855462537, 0.94369497968531491,
       0.37812929639176723, 0., 0., 0., 1. ]
rvec_10: !!opencv-matrix
   rows: 3
   cols: 1
   dt: d
   data: [ 0.36110451199970311, -0.041260332975585665,
       1.3239387480148348 ]
tvec_10: !!opencv-matrix
   rows: 3
   cols: 1
   dt: d
   data: [ 0.14968148716625543, -0.044219688913343429,
       0.37812929639176723 ]
image_10: "calib_10_20251228_155209.jpg"
