======================================================================
相机标定报告
生成时间: 2025-12-28 02:25:12
======================================================================

棋盘格参数:
  内角点: 4 × 4
  方格大小: 9.8 mm

内参矩阵 K:
  [[310.746791, 0.000000, 591.263528],
   [0.000000, 319.250877, 440.527750],
   [0.000000, 0.000000, 1.000000]]

畸变系数:
  k1=-0.16312432
  k2=0.05097690
  p1=-0.02765108
  p2=-0.00381471
  k3=-0.00626060

重投影误差:
  calib_00_20251228_022337.jpg: 0.0769 px
  calib_01_20251228_022342.jpg: 1.0677 px
  calib_02_20251228_022347.jpg: 1.4358 px
  calib_03_20251228_022352.jpg: 0.1257 px
  calib_04_20251228_022406.jpg: 0.2486 px
  calib_05_20251228_022407.jpg: 0.0583 px
  calib_06_20251228_022420.jpg: 0.0904 px
  calib_07_20251228_022422.jpg: 0.0659 px
  calib_08_20251228_022423.jpg: 0.3379 px
  calib_09_20251228_022429.jpg: 0.0448 px
  calib_10_20251228_022431.jpg: 1.1336 px
  calib_11_20251228_022433.jpg: 0.8940 px
  calib_12_20251228_022436.jpg: 1.0226 px
  calib_13_20251228_022439.jpg: 1.4120 px
  calib_14_20251228_022441.jpg: 1.0425 px
  calib_15_20251228_022444.jpg: 1.7924 px
  calib_16_20251228_022446.jpg: 1.4885 px
  calib_17_20251228_022447.jpg: 1.2723 px
  calib_18_20251228_022450.jpg: 0.0477 px
  calib_19_20251228_022451.jpg: 1.2394 px
  calib_20_20251228_022453.jpg: 1.1881 px
  calib_21_20251228_022456.jpg: 1.2075 px
  calib_22_20251228_022458.jpg: 1.6058 px
  calib_23_20251228_022500.jpg: 1.5756 px
  calib_24_20251228_022501.jpg: 0.8926 px
  calib_25_20251228_022503.jpg: 1.5092 px
  calib_26_20251228_022505.jpg: 1.1667 px
  calib_27_20251228_022506.jpg: 0.4226 px
  calib_28_20251228_022509.jpg: 0.1244 px
  calib_29_20251228_022510.jpg: 0.1691 px

  平均: 0.8253 px
  标准差: 0.5879 px
