%YAML:1.0
---
num_images: 30
board_size_cols: 4
board_size_rows: 4
square_size: 0.0098300000000000002
T_target_cam_0: !!opencv-matrix
   rows: 4
   cols: 4
   dt: d
   data: [ 0.99723943554329919, 0.048857570756662534,
       0.055914631153569899, 0.10491304688645042, -0.05923626107285123,
       0.97752392831706136, 0.20233149765098293, -0.033285384185962129,
       -0.044772464432852765, -0.20508512219890165, 0.97771955032170166,
       0.17512171874137877, 0., 0., 0., 1. ]
rvec_0: !!opencv-matrix
   rows: 3
   cols: 1
   dt: d
   data: [ -0.20533707016133951, 0.050746072210771709,
       -0.05447905080200962 ]
tvec_0: !!opencv-matrix
   rows: 3
   cols: 1
   dt: d
   data: [ 0.10491304688645042, -0.033285384185962129,
       0.17512171874137877 ]
image_0: "calib_00_20251228_022337.jpg"
T_target_cam_1: !!opencv-matrix
   rows: 4
   cols: 4
   dt: d
   data: [ 0.99153425138031459, 0.10201444858434514,
       -0.080329823974108469, 0.38230077617709207, -0.10749084162889808,
       0.99194046197705665, -0.067080838237567067, -0.13557511406349407,
       0.072839187980031736, 0.075147669110728191, 0.99450856231690343,
       0.28187778636017857, 0., 0., 0., 1. ]
rvec_1: !!opencv-matrix
   rows: 3
   cols: 1
   dt: d
   data: [ 0.071376358663342604, -0.076866772612442527,
       -0.1051387307293383 ]
tvec_1: !!opencv-matrix
   rows: 3
   cols: 1
   dt: d
   data: [ 0.38230077617709207, -0.13557511406349407,
       0.28187778636017857 ]
image_1: "calib_01_20251228_022342.jpg"
T_target_cam_2: !!opencv-matrix
   rows: 4
   cols: 4
   dt: d
   data: [ 0.99197741781296378, -0.11507304039849858,
       -0.052335436585263649, 0.2826432767808032, 0.11825075130256918,
       0.99102604343449296, 0.062322877428375813, -0.18696489456308324,
       0.044694097658444489, -0.068011591718029465, 0.99668292903333977,
       0.18358420427349509, 0., 0., 0., 1. ]
rvec_2: !!opencv-matrix
   rows: 3
   cols: 1
   dt: d
   data: [ -0.065388765147149613, -0.04867968902280316,
       0.11705847822685798 ]
tvec_2: !!opencv-matrix
   rows: 3
   cols: 1
   dt: d
   data: [ 0.2826432767808032, -0.18696489456308324, 0.18358420427349509 ]
image_2: "calib_02_20251228_022347.jpg"
T_target_cam_3: !!opencv-matrix
   rows: 4
   cols: 4
   dt: d
   data: [ 0.97715714749743887, -0.13630185745959833,
       0.16305125803786924, -0.0096382900060812491, 0.13741503074313843,
       0.99050340191059172, 0.0044855467233305794, -0.20507788293990065,
       -0.16211421412242294, 0.018022609594844981, 0.98660740273062064,
       0.17563118738681044, 0., 0., 0., 1. ]
rvec_3: !!opencv-matrix
   rows: 3
   cols: 1
   dt: d
   data: [ 0.0068205977693975729, 0.16383338949902415,
       0.13791121566337072 ]
tvec_3: !!opencv-matrix
   rows: 3
   cols: 1
   dt: d
   data: [ -0.0096382900060812491, -0.20507788293990065,
       0.17563118738681044 ]
image_3: "calib_03_20251228_022352.jpg"
T_target_cam_4: !!opencv-matrix
   rows: 4
   cols: 4
   dt: d
   data: [ 0.034484455612343402, -0.99680925011817278,
       0.071987090509108759, -0.10526805696472039, 0.9949654371269151,
       0.027460113726813749, -0.096383199142575038, -0.14573780942145326,
       0.094098890769058169, 0.074948389128497966, 0.99273769834890235,
       0.13684455094235873, 0., 0., 0., 1. ]
rvec_4: !!opencv-matrix
   rows: 3
   cols: 1
   dt: d
   data: [ 0.13227047072265496, -0.017070630456547491, 1.537678942417515 ]
tvec_4: !!opencv-matrix
   rows: 3
   cols: 1
   dt: d
   data: [ -0.10526805696472039, -0.14573780942145326,
       0.13684455094235873 ]
image_4: "calib_04_20251228_022406.jpg"
T_target_cam_5: !!opencv-matrix
   rows: 4
   cols: 4
   dt: d
   data: [ 0.30695394429341671, -0.9436449693613026,
       -0.12374751666930683, -0.12153043306066234, 0.95110241593838241,
       0.29944930609451276, 0.075725210304674412, -0.079998729355071407,
       -0.034401605760289618, -0.14094071405602127, 0.98942015576927311,
       0.15107445933049385, 0., 0., 0., 1. ]
rvec_5: !!opencv-matrix
   rows: 3
   cols: 1
   dt: d
   data: [ -0.14393335475245719, -0.059353388071954033,
       1.2586997626845222 ]
tvec_5: !!opencv-matrix
   rows: 3
   cols: 1
   dt: d
   data: [ -0.12153043306066234, -0.079998729355071407,
       0.15107445933049385 ]
image_5: "calib_05_20251228_022407.jpg"
T_target_cam_6: !!opencv-matrix
   rows: 4
   cols: 4
   dt: d
   data: [ 0.47562834546341526, -0.87882673626230301,
       0.037963727718481069, -0.13741125142643817, 0.85820572452307498,
       0.47307356342642093, 0.19920928186922462, 0.087432095773991775,
       -0.19303007897102004, -0.062168892684178606, 0.97922133217922958,
       0.12246906019338713, 0., 0., 0., 1. ]
rvec_6: !!opencv-matrix
   rows: 3
   cols: 1
   dt: d
   data: [ -0.1605605452777509, 0.14189590091529231, 1.0670320104017359 ]
tvec_6: !!opencv-matrix
   rows: 3
   cols: 1
   dt: d
   data: [ -0.13741125142643817, 0.087432095773991775,
       0.12246906019338713 ]
image_6: "calib_06_20251228_022420.jpg"
T_target_cam_7: !!opencv-matrix
   rows: 4
   cols: 4
   dt: d
   data: [ 0.46402056904115319, -0.88487981485232214,
       -0.040897735556440051, -0.024689390299064654, 0.8326179974461424,
       0.41992450155652972, 0.36112419376341387, 0.076840448843528752,
       -0.3023775484977349, -0.201621244563712, 0.93162046558943723,
       0.13370612916613198, 0., 0., 0., 1. ]
rvec_7: !!opencv-matrix
   rows: 3
   cols: 1
   dt: d
   data: [ -0.35461972526192231, 0.16477414673040661, 1.0822986040469444 ]
tvec_7: !!opencv-matrix
   rows: 3
   cols: 1
   dt: d
   data: [ -0.024689390299064654, 0.076840448843528752,
       0.13370612916613198 ]
image_7: "calib_07_20251228_022422.jpg"
T_target_cam_8: !!opencv-matrix
   rows: 4
   cols: 4
   dt: d
   data: [ 0.41492977911941986, -0.90687047153501787,
       -0.073615394162931294, 0.17049768780290989, 0.88509724659039668,
       0.38357125436185924, 0.26358292225667507, 0.064708242005865932,
       -0.21079881991607063, -0.17452518639189063, 0.96182369321870409,
       0.12473071209036568, 0., 0., 0., 1. ]
rvec_8: !!opencv-matrix
   rows: 3
   cols: 1
   dt: d
   data: [ -0.2796614383786129, 0.087569514031988677, 1.1438826620326121 ]
tvec_8: !!opencv-matrix
   rows: 3
   cols: 1
   dt: d
   data: [ 0.17049768780290989, 0.064708242005865932,
       0.12473071209036568 ]
image_8: "calib_08_20251228_022423.jpg"
T_target_cam_9: !!opencv-matrix
   rows: 4
   cols: 4
   dt: d
   data: [ 0.027997220705905129, -0.97206655444268419,
       0.23302954612381804, 0.13826469142417724, 0.98272545970298741,
       0.069429741453317317, 0.17155227148970495, -0.043762196681542916,
       -0.182939406592174, 0.22420108103141098, 0.95721839137160858,
       0.18443081652561466, 0., 0., 0., 1. ]
rvec_9: !!opencv-matrix
   rows: 3
   cols: 1
   dt: d
   data: [ 0.040646110171710527, 0.32113774323257732, 1.5091450739603987 ]
tvec_9: !!opencv-matrix
   rows: 3
   cols: 1
   dt: d
   data: [ 0.13826469142417724, -0.043762196681542916,
       0.18443081652561466 ]
image_9: "calib_09_20251228_022429.jpg"
T_target_cam_10: !!opencv-matrix
   rows: 4
   cols: 4
   dt: d
   data: [ 0.98143873321344366, -0.17483290714102515,
       -0.07881286398176704, -0.0242745974153348, 0.048387791273500569,
       0.62341987374628227, -0.78038854596530416, -0.074656935394959781,
       0.18557110390376777, 0.76208996555445285, 0.62030818936811549,
       0.20275391785588573, 0., 0., 0., 1. ]
rvec_10: !!opencv-matrix
   rows: 3
   cols: 1
   dt: d
   data: [ 0.88936897211057941, -0.15243965864341497,
       0.12870556161403585 ]
tvec_10: !!opencv-matrix
   rows: 3
   cols: 1
   dt: d
   data: [ -0.0242745974153348, -0.074656935394959781,
       0.20275391785588573 ]
image_10: "calib_10_20251228_022431.jpg"
