%YAML:1.0
---
num_images: 30
board_size_cols: 4
board_size_rows: 4
square_size: 0.0098300000000000002
T_target_cam_0: !!opencv-matrix
   rows: 4
   cols: 4
   dt: d
   data: [ 0.99723943554329919, 0.048857570756662534,
       0.055914631153569899, 0.10491304688645042, -0.05923626107285123,
       0.97752392831706136, 0.20233149765098293, -0.033285384185962129,
       -0.044772464432852765, -0.20508512219890165, 0.97771955032170166,
       0.17512171874137877, 0., 0., 0., 1. ]
rvec_0: !!opencv-matrix
   rows: 3
   cols: 1
   dt: d
   data: [ -0.20533707016133951, 0.050746072210771709,
       -0.05447905080200962 ]
tvec_0: !!opencv-matrix
   rows: 3
   cols: 1
   dt: d
   data: [ 0.10491304688645042, -0.033285384185962129,
       0.17512171874137877 ]
image_0: "calib_00_20251228_022337.jpg"
T_target_cam_1: !!opencv-matrix
   rows: 4
   cols: 4
   dt: d
   data: [ 0.99153425138031459, 0.10201444858434514,
       -0.080329823974108469, 0.38230077617709207, -0.10749084162889808,
       0.99194046197705665, -0.067080838237567067, -0.13557511406349407,
       0.072839187980031736, 0.075147669110728191, 0.99450856231690343,
       0.28187778636017857, 0., 0., 0., 1. ]
rvec_1: !!opencv-matrix
   rows: 3
   cols: 1
   dt: d
   data: [ 0.071376358663342604, -0.076866772612442527,
       -0.1051387307293383 ]
tvec_1: !!opencv-matrix
   rows: 3
   cols: 1
   dt: d
   data: [ 0.38230077617709207, -0.13557511406349407,
       0.28187778636017857 ]
image_1: "calib_01_20251228_022342.jpg"
T_target_cam_2: !!opencv-matrix
   rows: 4
   cols: 4
   dt: d
   data: [ 0.99197741781296378, -0.11507304039849858,
       -0.052335436585263649, 0.2826432767808032, 0.11825075130256918,
       0.99102604343449296, 0.062322877428375813, -0.18696489456308324,
       0.044694097658444489, -0.068011591718029465, 0.99668292903333977,
       0.18358420427349509, 0., 0., 0., 1. ]
rvec_2: !!opencv-matrix
   rows: 3
   cols: 1
   dt: d
   data: [ -0.065388765147149613, -0.04867968902280316,
       0.11705847822685798 ]
tvec_2: !!opencv-matrix
   rows: 3
   cols: 1
   dt: d
   data: [ 0.2826432767808032, -0.18696489456308324, 0.18358420427349509 ]
image_2: "calib_02_20251228_022347.jpg"
T_target_cam_3: !!opencv-matrix
   rows: 4
   cols: 4
   dt: d
   data: [ 0.97715714749743887, -0.13630185745959833,
       0.16305125803786924, -0.0096382900060812491, 0.13741503074313843,
       0.99050340191059172, 0.0044855467233305794, -0.20507788293990065,
       -0.16211421412242294, 0.018022609594844981, 0.98660740273062064,
       0.17563118738681044, 0., 0., 0., 1. ]
rvec_3: !!opencv-matrix
   rows: 3
   cols: 1
   dt: d
   data: [ 0.0068205977693975729, 0.16383338949902415,
       0.13791121566337072 ]
tvec_3: !!opencv-matrix
   rows: 3
   cols: 1
   dt: d
   data: [ -0.0096382900060812491, -0.20507788293990065,
       0.17563118738681044 ]
image_3: "calib_03_20251228_022352.jpg"
T_target_cam_4: !!opencv-matrix
   rows: 4
   cols: 4
   dt: d
   data: [ 0.034484455612343402, -0.99680925011817278,
       0.071987090509108759, -0.10526805696472039, 0.9949654371269151,
       0.027460113726813749, -0.096383199142575038, -0.14573780942145326,
       0.094098890769058169, 0.074948389128497966, 0.99273769834890235,
       0.13684455094235873, 0., 0., 0., 1. ]
rvec_4: !!opencv-matrix
   rows: 3
   cols: 1
   dt: d
   data: [ 0.13227047072265496, -0.017070630456547491, 1.537678942417515 ]
tvec_4: !!opencv-matrix
   rows: 3
   cols: 1
   dt: d
   data: [ -0.10526805696472039, -0.14573780942145326,
       0.13684455094235873 ]
image_4: "calib_04_20251228_022406.jpg"
T_target_cam_5: !!opencv-matrix
   rows: 4
   cols: 4
   dt: d
   data: [ 0.30695394429341671, -0.9436449693613026,
       -0.12374751666930683, -0.12153043306066234, 0.95110241593838241,
       0.29944930609451276, 0.075725210304674412, -0.079998729355071407,
       -0.034401605760289618, -0.14094071405602127, 0.98942015576927311,
       0.15107445933049385, 0., 0., 0., 1. ]
rvec_5: !!opencv-matrix
   rows: 3
   cols: 1
   dt: d
   data: [ -0.14393335475245719, -0.059353388071954033,
       1.2586997626845222 ]
tvec_5: !!opencv-matrix
   rows: 3
   cols: 1
   dt: d
   data: [ -0.12153043306066234, -0.079998729355071407,
       0.15107445933049385 ]
image_5: "calib_05_20251228_022407.jpg"
T_target_cam_6: !!opencv-matrix
   rows: 4
   cols: 4
   dt: d
   data: [ 0.47562834546341526, -0.87882673626230301,
       0.037963727718481069, -0.13741125142643817, 0.85820572452307498,
       0.47307356342642093, 0.19920928186922462, 0.087432095773991775,
       -0.19303007897102004, -0.062168892684178606, 0.97922133217922958,
       0.12246906019338713, 0., 0., 0., 1. ]
rvec_6: !!opencv-matrix
   rows: 3
   cols: 1
   dt: d
   data: [ -0.1605605452777509, 0.14189590091529231, 1.0670320104017359 ]
tvec_6: !!opencv-matrix
   rows: 3
   cols: 1
   dt: d
   data: [ -0.13741125142643817, 0.087432095773991775,
       0.12246906019338713 ]
image_6: "calib_06_20251228_022420.jpg"
T_target_cam_7: !!opencv-matrix
   rows: 4
   cols: 4
   dt: d
   data: [ 0.46402056904115319, -0.88487981485232214,
       -0.040897735556440051, -0.024689390299064654, 0.8326179974461424,
       0.41992450155652972, 0.36112419376341387, 0.076840448843528752,
       -0.3023775484977349, -0.201621244563712, 0.93162046558943723,
       0.13370612916613198, 0., 0., 0., 1. ]
rvec_7: !!opencv-matrix
   rows: 3
   cols: 1
   dt: d
   data: [ -0.35461972526192231, 0.16477414673040661, 1.0822986040469444 ]
tvec_7: !!opencv-matrix
   rows: 3
   cols: 1
   dt: d
   data: [ -0.024689390299064654, 0.076840448843528752,
       0.13370612916613198 ]
image_7: "calib_07_20251228_022422.jpg"
T_target_cam_8: !!opencv-matrix
   rows: 4
   cols: 4
   dt: d
   data: [ 0.41492977911941986, -0.90687047153501787,
       -0.073615394162931294, 0.17049768780290989, 0.88509724659039668,
       0.38357125436185924, 0.26358292225667507, 0.064708242005865932,
       -0.21079881991607063, -0.17452518639189063, 0.96182369321870409,
       0.12473071209036568, 0., 0., 0., 1. ]
rvec_8: !!opencv-matrix
   rows: 3
   cols: 1
   dt: d
   data: [ -0.2796614383786129, 0.087569514031988677, 1.1438826620326121 ]
tvec_8: !!opencv-matrix
   rows: 3
   cols: 1
   dt: d
   data: [ 0.17049768780290989, 0.064708242005865932,
       0.12473071209036568 ]
image_8: "calib_08_20251228_022423.jpg"
T_target_cam_9: !!opencv-matrix
   rows: 4
   cols: 4
   dt: d
   data: [ 0.027997220705905129, -0.97206655444268419,
       0.23302954612381804, 0.13826469142417724, 0.98272545970298741,
       0.069429741453317317, 0.17155227148970495, -0.043762196681542916,
       -0.182939406592174, 0.22420108103141098, 0.95721839137160858,
       0.18443081652561466, 0., 0., 0., 1. ]
rvec_9: !!opencv-matrix
   rows: 3
   cols: 1
   dt: d
   data: [ 0.040646110171710527, 0.32113774323257732, 1.5091450739603987 ]
tvec_9: !!opencv-matrix
   rows: 3
   cols: 1
   dt: d
   data: [ 0.13826469142417724, -0.043762196681542916,
       0.18443081652561466 ]
image_9: "calib_09_20251228_022429.jpg"
T_target_cam_10: !!opencv-matrix
   rows: 4
   cols: 4
   dt: d
   data: [ 0.98143873321344366, -0.17483290714102515,
       -0.07881286398176704, -0.0242745974153348, 0.048387791273500569,
       0.62341987374628227, -0.78038854596530416, -0.074656935394959781,
       0.18557110390376777, 0.76208996555445285, 0.62030818936811549,
       0.20275391785588573, 0., 0., 0., 1. ]
rvec_10: !!opencv-matrix
   rows: 3
   cols: 1
   dt: d
   data: [ 0.88936897211057941, -0.15243965864341497,
       0.12870556161403585 ]
tvec_10: !!opencv-matrix
   rows: 3
   cols: 1
   dt: d
   data: [ -0.0242745974153348, -0.074656935394959781,
       0.20275391785588573 ]
image_10: "calib_10_20251228_022431.jpg"
T_target_cam_11: !!opencv-matrix
   rows: 4
   cols: 4
   dt: d
   data: [ 0.98681082136486109, -0.14253989920890112,
       -0.076725354158351994, 0.0097262319064529718, 0.15874709415228802,
       0.94488633533916244, 0.28633751655613088, -0.18791459811838485,
       0.031682217968646641, -0.29474088692077355, 0.95505185547264548,
       0.20737764358654248, 0., 0., 0., 1. ]
rvec_11: !!opencv-matrix
   rows: 3
   cols: 1
   dt: d
   data: [ -0.29615048240911207, -0.055250641892918492,
       0.1535529248611173 ]
tvec_11: !!opencv-matrix
   rows: 3
   cols: 1
   dt: d
   data: [ 0.0097262319064529718, -0.18791459811838485,
       0.20737764358654248 ]
image_11: "calib_11_20251228_022433.jpg"
T_target_cam_12: !!opencv-matrix
   rows: 4
   cols: 4
   dt: d
   data: [ 0.93735505043095912, -0.17845682541524416,
       0.29919670936406917, 0.18994257690627986, 0.093040921389038411,
       0.95587617633904298, 0.27864694948003582, -0.17924731223412818,
       -0.3357214565359995, -0.23335358786649057, 0.91259914894283301,
       0.21173115629482761, 0., 0., 0., 1. ]
rvec_12: !!opencv-matrix
   rows: 3
   cols: 1
   dt: d
   data: [ -0.2646205611854992, 0.32814887702672818, 0.14031994281155072 ]
tvec_12: !!opencv-matrix
   rows: 3
   cols: 1
   dt: d
   data: [ 0.18994257690627986, -0.17924731223412818,
       0.21173115629482761 ]
image_12: "calib_12_20251228_022436.jpg"
T_target_cam_13: !!opencv-matrix
   rows: 4
   cols: 4
   dt: d
   data: [ 0.80386202231996551, -0.24049572448737197,
       0.54402909441954428, 0.02489918727967811, 0.33282570924802279,
       0.93989716548811331, -0.076291320416943947, -0.069279449083538197,
       -0.49298366741222366, 0.24239456431756942, 0.83559079629570465,
       0.34800375295407227, 0., 0., 0., 1. ]
rvec_13: !!opencv-matrix
   rows: 3
   cols: 1
   dt: d
   data: [ 0.17154752385630861, 0.55822042964918805, 0.30861697063548754 ]
tvec_13: !!opencv-matrix
   rows: 3
   cols: 1
   dt: d
   data: [ 0.02489918727967811, -0.069279449083538197,
       0.34800375295407227 ]
image_13: "calib_13_20251228_022439.jpg"
T_target_cam_14: !!opencv-matrix
   rows: 4
   cols: 4
   dt: d
   data: [ 0.91339861244064902, -0.13625682598864411,
       0.38358447852200361, -0.024963888796461497, 0.08601813913492122,
       0.98564252029512012, 0.1452917820320514, 0.092426194839586071,
       -0.39787416921843821, -0.099714089063603059, 0.91200506901604084,
       0.41760080361126073, 0., 0., 0., 1. ]
rvec_14: !!opencv-matrix
   rows: 3
   cols: 1
   dt: d
   data: [ -0.12651278982262101, 0.40351895738064891,
       0.11477531464757947 ]
tvec_14: !!opencv-matrix
   rows: 3
   cols: 1
   dt: d
   data: [ -0.024963888796461497, 0.092426194839586071,
       0.41760080361126073 ]
image_14: "calib_14_20251228_022441.jpg"
T_target_cam_15: !!opencv-matrix
   rows: 4
   cols: 4
   dt: d
   data: [ 0.97978801279331673, -0.17054128564083937,
       0.10455199605217039, 0.18979010441189934, 0.13021164974917659,
       0.94049969762234531, 0.31385545246478486, 0.061840643763144791,
       -0.15185643304161064, -0.29389792218429633, 0.9436967919197522,
       0.23019602973268383, 0., 0., 0., 1. ]
rvec_15: !!opencv-matrix
   rows: 3
   cols: 1
   dt: d
   data: [ -0.31095836874703675, 0.13119194424881658,
       0.15388090973375837 ]
tvec_15: !!opencv-matrix
   rows: 3
   cols: 1
   dt: d
   data: [ 0.18979010441189934, 0.061840643763144791,
       0.23019602973268383 ]
image_15: "calib_15_20251228_022444.jpg"
T_target_cam_16: !!opencv-matrix
   rows: 4
   cols: 4
   dt: d
   data: [ -0.22025418965649815, 0.14822774912059561,
       0.96411442595233521, 0.34232380626022713, 0.12903002613790387,
       0.98412869107242829, -0.12182763136054366, -0.011748215816281219,
       -0.96687090363378447, 0.097566663357472896, -0.23588429771326105,
       0.24510552279692674, 0., 0., 0., 1. ]
rvec_16: !!opencv-matrix
   rows: 3
   cols: 1
   dt: d
   data: [ 0.20421622852420507, 1.7973965177648876,
       -0.017869592228078175 ]
tvec_16: !!opencv-matrix
   rows: 3
   cols: 1
   dt: d
   data: [ 0.34232380626022713, -0.011748215816281219,
       0.24510552279692674 ]
image_16: "calib_16_20251228_022446.jpg"
T_target_cam_17: !!opencv-matrix
   rows: 4
   cols: 4
   dt: d
   data: [ -0.28590776791182215, 0.6883765697608033, 0.66662916711769316,
       0.43594871787746453, 0.48118670009800346, 0.70473526623016525,
       -0.52135167035341079, -0.087699399133556719, -0.8286833580424271,
       0.17171459674659964, -0.53272693696459461, 0.2627894235797093, 0.,
       0., 0., 1. ]
rvec_17: !!opencv-matrix
   rows: 3
   cols: 1
   dt: d
   data: [ 0.90185600497966201, 1.9457830284825532, -0.26960687166063735 ]
tvec_17: !!opencv-matrix
   rows: 3
   cols: 1
   dt: d
   data: [ 0.43594871787746453, -0.087699399133556719,
       0.2627894235797093 ]
image_17: "calib_17_20251228_022447.jpg"
T_target_cam_18: !!opencv-matrix
   rows: 4
   cols: 4
   dt: d
   data: [ 0.98968699302737118, -0.10743469772156965,
       0.094749361781043456, 0.01134307550834413, 0.080443314848797395,
       0.96412842066164373, 0.25295308175355707, -0.025080801490520176,
       -0.11852649040858904, -0.24272242211620959, 0.96282776075135224,
       0.20101967591660222, 0., 0., 0., 1. ]
rvec_18: !!opencv-matrix
   rows: 3
   cols: 1
   dt: d
   data: [ -0.2513393601992206, 0.10814457405458107,
       0.095266235886742573 ]
tvec_18: !!opencv-matrix
   rows: 3
   cols: 1
   dt: d
   data: [ 0.01134307550834413, -0.025080801490520176,
       0.20101967591660222 ]
image_18: "calib_18_20251228_022450.jpg"
T_target_cam_19: !!opencv-matrix
   rows: 4
   cols: 4
   dt: d
   data: [ 0.9855904332319021, -0.16914324117747778,
       -0.0014359267840397712, 0.050229775284216724, 0.16377313713094574,
       0.95210704610644115, 0.25820637542236574, -0.16066338705020058,
       -0.042306707222850293, -0.25472089964988115, 0.96608871528732565,
       0.16642342471170088, 0., 0., 0., 1. ]
rvec_19: !!opencv-matrix
   rows: 3
   cols: 1
   dt: d
   data: [ -0.26065699882479643, 0.020769523257087495,
       0.16917989790515919 ]
tvec_19: !!opencv-matrix
   rows: 3
   cols: 1
   dt: d
   data: [ 0.050229775284216724, -0.16066338705020058,
       0.16642342471170088 ]
image_19: "calib_19_20251228_022451.jpg"
T_target_cam_20: !!opencv-matrix
   rows: 4
   cols: 4
   dt: d
   data: [ 0.9310197422141866, 0.098849104426881856, 0.35132761656526923,
       0.082958032692084571, -0.075021560922256564, 0.99390012636279135,
       -0.080835043222699118, 0.085493111107570352, -0.35717503412783147,
       0.048901874913247392, 0.93275645354280523, 0.20242369744780839,
       0., 0., 0., 1. ]
rvec_20: !!opencv-matrix
   rows: 3
   cols: 1
   dt: d
   data: [ 0.066452357373970372, 0.36290110803255005,
       -0.089058039582255402 ]
tvec_20: !!opencv-matrix
   rows: 3
   cols: 1
   dt: d
   data: [ 0.082958032692084571, 0.085493111107570352,
       0.20242369744780839 ]
image_20: "calib_20_20251228_022453.jpg"
T_target_cam_21: !!opencv-matrix
   rows: 4
   cols: 4
   dt: d
   data: [ 0.43791372952815616, -0.50458633757691385,
       -0.74405926741184925, -0.21777261227940092, 0.078222002376713756,
       0.8458831278904958, -0.52760122468998194, -0.10997340935505941,
       0.89560755012165816, 0.1728420142237071, 0.40989358897666789,
       0.33909517760551572, 0., 0., 0., 1. ]
rvec_21: !!opencv-matrix
   rows: 3
   cols: 1
   dt: d
   data: [ 0.45427686298135433, -1.0634162153652067, 0.3779840102448741 ]
tvec_21: !!opencv-matrix
   rows: 3
   cols: 1
   dt: d
   data: [ -0.21777261227940092, -0.10997340935505941,
       0.33909517760551572 ]
image_21: "calib_21_20251228_022456.jpg"
T_target_cam_22: !!opencv-matrix
   rows: 4
   cols: 4
   dt: d
   data: [ -0.19427610382688734, -0.35610508149002784,
       -0.91402733351843757, -0.27995568659998732, -0.087503333216501888,
       0.9343572527889602, -0.34542682414176906, -0.070917102385160621,
       0.97703631568015237, 0.012872260782296308, -0.21268366825994475,
       0.23042602127553269, 0., 0., 0., 1. ]
rvec_22: !!opencv-matrix
   rows: 3
   cols: 1
   dt: d
   data: [ 0.3335923035457633, -1.7606639409126883, 0.2500801138299712 ]
tvec_22: !!opencv-matrix
   rows: 3
   cols: 1
   dt: d
   data: [ -0.27995568659998732, -0.070917102385160621,
       0.23042602127553269 ]
image_22: "calib_22_20251228_022458.jpg"
T_target_cam_23: !!opencv-matrix
   rows: 4
   cols: 4
   dt: d
   data: [ 0.98855212934587511, -0.13867241132603025,
       -0.059452921734431549, -0.29503029712870349, 0.14870064502421848,
       0.9621761783032029, 0.22826545966313991, -0.24766963259748767,
       0.025550063309462481, -0.23449299401659626, 0.97178198687875206,
       0.243311771598132, 0., 0., 0., 1. ]
rvec_23: !!opencv-matrix
   rows: 3
   cols: 1
   dt: d
   data: [ -0.23441457242329811, -0.043059047836560276,
       0.14557147815378688 ]
tvec_23: !!opencv-matrix
   rows: 3
   cols: 1
   dt: d
   data: [ -0.29503029712870349, -0.24766963259748767, 0.243311771598132 ]
image_23: "calib_23_20251228_022500.jpg"
T_target_cam_24: !!opencv-matrix
   rows: 4
   cols: 4
   dt: d
   data: [ 0.95813148131890424, -0.22924921235038787,
       0.17154842797988304, -0.31744274156261043, 0.21040856641645922,
       0.97007316643610686, 0.12118699162532137, -0.13957931289161524,
       -0.19419654910479953, -0.080017813000306443, 0.97769363806789455,
       0.18431142889010307, 0., 0., 0., 1. ]
rvec_24: !!opencv-matrix
   rows: 3
   cols: 1
   dt: d
   data: [ -0.10221051856764587, 0.1857956813749746, 0.22334282545425346 ]
tvec_24: !!opencv-matrix
   rows: 3
   cols: 1
   dt: d
   data: [ -0.31744274156261043, -0.13957931289161524,
       0.18431142889010307 ]
image_24: "calib_24_20251228_022501.jpg"
T_target_cam_25: !!opencv-matrix
   rows: 4
   cols: 4
   dt: d
   data: [ 0.99707154474218851, -0.062527050036269419,
       -0.044030701552302584, -0.24101744886034976, 0.065739880974412593,
       0.99495682927147933, 0.075757349052844827, -0.037586629868189385,
       0.039071763652235456, -0.078430070124961407, 0.99615366354056922,
       0.22311814730048818, 0., 0., 0., 1. ]
rvec_25: !!opencv-matrix
   rows: 3
   cols: 1
   dt: d
   data: [ -0.077245917835459005, -0.041633268351882718,
       0.064260085982967174 ]
tvec_25: !!opencv-matrix
   rows: 3
   cols: 1
   dt: d
   data: [ -0.24101744886034976, -0.037586629868189385,
       0.22311814730048818 ]
image_25: "calib_25_20251228_022503.jpg"
T_target_cam_26: !!opencv-matrix
   rows: 4
   cols: 4
   dt: d
   data: [ 0.021127536147900999, -0.62234042125103417,
       -0.78246151809108444, -0.11578384035168331, 0.99169361733879646,
       -0.086274416254882108, 0.095396511620561786, 0.11764945635994034,
       -0.12687551594303681, -0.77797758655180083, 0.61534825771852442,
       0.37893665730984699, 0., 0., 0., 1. ]
rvec_26: !!opencv-matrix
   rows: 3
   cols: 1
   dt: d
   data: [ -0.80564333493615725, -0.60474485585646542,
       1.4888645865169237 ]
tvec_26: !!opencv-matrix
   rows: 3
   cols: 1
   dt: d
   data: [ -0.11578384035168331, 0.11764945635994034,
       0.37893665730984699 ]
image_26: "calib_26_20251228_022505.jpg"
T_target_cam_27: !!opencv-matrix
   rows: 4
   cols: 4
   dt: d
   data: [ 0.89477592041371778, -0.17693139880338907,
       -0.40996503797916733, -0.071959640781587189, 0.022938338574897965,
       0.93514479180294319, -0.35352234863902637, -0.099105573805635602,
       0.44592587374047649, 0.30691936804526704, 0.84080355413585539,
       0.20970257428516617, 0., 0., 0., 1. ]
rvec_27: !!opencv-matrix
   rows: 3
   cols: 1
   dt: d
   data: [ 0.34962745928824518, -0.45309518967815887,
       0.10580789599271111 ]
tvec_27: !!opencv-matrix
   rows: 3
   cols: 1
   dt: d
   data: [ -0.071959640781587189, -0.099105573805635602,
       0.20970257428516617 ]
image_27: "calib_27_20251228_022506.jpg"
T_target_cam_28: !!opencv-matrix
   rows: 4
   cols: 4
   dt: d
   data: [ 0.99739251065886592, 0.026855445428424836,
       -0.066984809714180665, 0.04507253599928971, -0.035935083636119448,
       0.98974371126958638, -0.13826082513268378, -0.024022924730270963,
       0.062584738120960437, 0.14030741624428256, 0.98812801776955217,
       0.13385943102570658, 0., 0., 0., 1. ]
rvec_28: !!opencv-matrix
   rows: 3
   cols: 1
   dt: d
   data: [ 0.13986119300233191, -0.065053185702072497,
       -0.031525339216004769 ]
tvec_28: !!opencv-matrix
   rows: 3
   cols: 1
   dt: d
   data: [ 0.04507253599928971, -0.024022924730270963,
       0.13385943102570658 ]
image_28: "calib_28_20251228_022509.jpg"
T_target_cam_29: !!opencv-matrix
   rows: 4
   cols: 4
   dt: d
   data: [ 0.98723244620313277, -0.14672578489567764,
       -0.0619971064689777, 0.0571761819360736, 0.14523246048936436,
       0.98900219016139923, -0.027967843609413706, -0.13845690593861143,
       0.065418877886919205, 0.018606770345837402, 0.9976843982509267,
       0.13183623811028078, 0., 0., 0., 1. ]
rvec_29: !!opencv-matrix
   rows: 3
   cols: 1
   dt: d
   data: [ 0.023389063867526677, -0.063986372462628935,
       0.14661699728789424 ]
tvec_29: !!opencv-matrix
   rows: 3
   cols: 1
   dt: d
   data: [ 0.0571761819360736, -0.13845690593861143, 0.13183623811028078 ]
image_29: "calib_29_20251228_022510.jpg"
